-10188,
-23475,
-6058,
13275,
28363,
-20615,
-6973,
3195,
21733,
15262,
9981,
-28455,
128,
-4196,
-16789,
-15490,
-19016,
776,
31634,
-6848,
22241,
-13985,
-28908,
28603,
-17715,
-2142,
-12514,
-14498,
3419,
16907,
-3645,
16727,
-29589,
-13146,
-19529,
14956,
649,
16031,
12682,
7946,
4563,
1368,
-674,
-32158,
26431,
13482,
-8811,
-10980,
-743,
29787,
-29342,
-12804,
2528,
-12176,
1552,
-21603,
17799,
-10990,
-11453,
-22109,
-11087,
-17052,
-28087,
-28874,
-7751,
28006,
-29128,
-25362,
-20702,
-21607,
-6143,
-22557,
4257,
-20724,
5640,
10648,
-24905,
26179,
-32430,
5978,
-4070,
-28846,
26894,
28410,
-23231,
28505,
11711,
-7743,
-11115,
-23729,
-30736,
-10952,
24824,
13604,
-24240,
-28352,
-25304,
-17516,
-9793,
-29993,
22612,
28814,
-30129,
27730,
-3331,
30816,
-19013,
-14061,
1885,
22974,
30101,
-29046,
7886,
28518,
-28433,
-28965,
8773,
7720,
421,
5948,
11970,
-23530,
23448,
-31494,
-27307,
17349,
23782,
-13216,
32607,
16331,
6802,
-21474,
21612,
1569,
21853,
-3584,
-24987,
-16278,
-10450,
-23589,
-31427,
5560,
-32345,
-9623,
16905,
21905,
-9843,
-1121,
3971,
18205,
-16300,
-24205,
30099,
-15416,
22220,
5969,
-11901,
-20346,
19450,
-28430,
-14427,
7420,
28365,
-22170,
27118,
-17838,
-31789,
-12230,
9144,
4088,
32045,
8980,
31525,
13808,
4860,
-2553,
-12111,
44,
8404,
-10398,
27492,
6609,
4719,
-21639,
29311,
-23633,
-16277,
-19641,
1777,
10441,
22038,
-12138,
23461,
231,
-10563,
20126,
-26740,
31085,
2983,
-28288,
22772,
301,
1323,
-5210,
-16605,
-10143,
14818,
2593,
-12417,
31289,
20674,
21688,
-25394,
-25485,
-29581,
2763,
-28066,
21271,
-27384,
-1431,
-25775,
25839,
-16486,
-26528,
-30347,
-15092,
28556,
2136,
11592,
20558,
17641,
20295,
-14586,
-20588,
8846,
-32494,
-22177,
-18045,
19700,
19319,
9218,
-6363,
-2569,
-25629,
18317,
-18370,
11732,
-5565,
23537,
-1247,
-4760,
30811,
-2482,
907,
8405,
8097,
-2065,
-8049,
-8884,
-22514,
641,
6386,
-8908,
-27446,
20250,
3051,
1081,
-6290,
-3531,
31998,
-7371,
23213,
-31296,
-5599,
-24757,
-18125,
-24582,
-2092,
-30854,
1578,
32514,
19519,
-22332,
-31973,
-21034,
-4401,
-27627,
-14704,
10348,
16979,
-27454,
20698,
19654,
18677,
-1321,
5902,
2786,
-1468,
-11451,
-16372,
22120,
20247,
19043,
-6399,
-29614,
-32240,
9388,
-6561,
16880,
-27216,
23780,
-3939,
24115,
28115,
-25137,
-22909,
6334,
12597,
31487,
20067,
-1192,
-18864,
-20711,
-18200,
-22446,
-23861,
-7320,
-8641,
16547,
21929,
-19508,
-16702,
-30996,
-14660,
13830,
12086,
3717,
18644,
15661,
27871,
12401,
28091,
13156,
9459,
-9452,
-24864,
-25410,
1117,
22346,
-1519,
28926,
32006,
7930,
19167,
-25648,
-25709,
-2241,
7826,
-12906,
4232,
25385,
17075,
-24749,
-26102,
22130,
10026,
30582,
15748,
26339,
32084,
-8906,
10830,
10857,
11769,
-150,
12458,
11466,
5285,
-12334,
25567,
11821,
-28325,
24779,
3412,
15510,
-23021,
-7469,
29494,
27258,
-29905,
-16887,
-26449,
-8842,
6037,
31794,
11568,
26387,
-27885,
-22946,
11839,
-29716,
-28554,
6825,
-21150,
-7396,
-6538,
-6699,
-12377,
5675,
-24441,
-14596,
-26742,
-8060,
11085,
-13457,
12963,
-26737,
16326,
-7536,
15336,
8584,
18846,
-14633,
-23426,
-23228,
24176,
1304,
18474,
3890,
-15060,
-13282,
23671,
-6567,
6651,
3125,
-23931,
31693,
7644,
-10863,
-10809,
26440,
17684,
-5346,
-18504,
-21927,
6061,
-29113,
-3196,
28153,
-11548,
5368,
14162,
-30914,
31493,
-6804,
-5183,
-19099,
-26063,
19491,
-20622,
27173,
-24620,
-20369,
12689,
-5076,
16277,
-5717,
-24134,
30729,
-25235,
-1830,
25679,
-18309,
-9589,
4015,
17617,
-13703,
-14704,
-20331,
20593,
-22203,
-18800,
17645,
-19537,
8843,
12111,
-17631,
22678,
7574,
31456,
11898,
-3290,
16245,
-28229,
23266,
843,
-24843,
-15568,
19443,
-25910,
-5880,
26456,
-28136,
5891,
18491,
18786,
3661,
-23543,
30427,
-23999,
-3184,
3259,
-29932,
29781,
28166,
32765,
13795,
20813,
22445,
-11030,
-10506,
-7723,
23165,
26853,
-32029,
-22936,
-11793,
-28149,
16173,
1762,
-16188,
-23429,
-31298,
10738,
17292,
-20935,
-10164,
31239,
-9580,
29597,
32586,
1854,
1121,
-5898,
-10479,
5801,
-7266,
30639,
-12030,
-3328,
-19877,
-26261,
-25231,
5391,
10091,
-9900,
8180,
-28926,
1247,
14222,
-22732,
30947,
-8367,
-7610,
23978,
-30230,
27858,
-17881,
-8263,
2678,
8848,
30604,
27394,
-29535,
16814,
32184,
-7401,
26270,
-29606,
6199,
27996,
-10248,
29307,
22743,
-5758,
-28114,
-31283,
-989,
-19263,
-18728,
26382,
-29730,
4937,
28782,
6336,
28824,
-25438,
19904,
-19129,
-3575,
-2758,
19619,
26225,
-32633,
-17756,
-31017,
-14665,
-13139,
-15411,
-16260,
17562,
-31910,
-24126,
-2295,
17274,
-15443,
-11459,
-1201,
-15151,
-16883,
9454,
28372,
-8336,
-8849,
6120,
22412,
19970,
-6367,
31994,
-17155,
1011,
15078,
31707,
28638,
-24108,
5058,
-26228,
20876,
15573,
-24604,
-31079,
-10685,
-17691,
14678,
-27308,
5089,
14992,
26638,
-1855,
-16139,
-8858,
-25993,
-13007,
-6869,
-18828,
2258,
-864,
30397,
29202,
24484,
14035,
16734,
20159,
18440,
-17639,
17006,
-24964,
-25531,
17352,
-14055,
7649,
21750,
12069,
20759,
32215,
23387,
12272,
1393,
3835,
-31909,
7851,
-17764,
-12289,
-11672,
-27818,
28388,
-20091,
23699,
3879,
-42,
-6147,
-21761,
-16628,
17515,
8620,
28895,
7888,
32280,
-31883,
7984,
-23037,
22880,
15202,
9878,
31831,
-15989,
-4366,
29705,
11335,
-28359,
12445,
1569,
30570,
31587,
-15794,
18790,
2942,
-20722,
21837,
15421,
-27316,
10382,
30661,
-32507,
29554,
24343,
5550,
-4527,
-11415,
-1353,
-8126,
9704,
24733,
15154,
10030,
5885,
-29247,
135,
-18018,
-30494,
-2466,
-22527,
-10577,
16443,
-630,
4299,
17696,
-26481,
19267,
-3508,
-15822,
-31976,
9437,
-10527,
8471,
-6662,
32666,
-653,
16093,
-24797,
-1857,
32539,
27174,
18880,
20420,
14390,
-2060,
28826,
-2863,
-28750,
15812,
-5553,
22278,
23144,
-8701,
31332,
-15790,
5854,
3624,
7964,
26731,
6458,
23474,
-24616,
10799,
25100,
20455,
9632,
23418,
-24349,
32219,
13481,
17599,
-28641,
8547,
32673,
62,
-16433,
-4989,
-24917,
11907,
-16785,
-12547,
-9228,
-19464,
13536,
-5598,
-14175,
20123,
7969,
17809,
14043,
9983,
28704,
32489,
-30875,
20954,
-11290,
-16644,
22093,
-11685,
-21744,
-27333,
-29180,
-7877,
-9090,
-31938,
8965,
-7367,
-30570,
-20965,
21782,
-28748,
-3722,
11144,
-10773,
3650,
4156,
-20977,
-29920,
-27253,
-18592,
20626,
-1272,
-27254,
-28806,
28130,
-28716,
-20060,
-31577,
-9179,
-17789,
19280,
57,
23580,
6418,
-11977,
12455,
25214,
-28033,
-13085,
26015,
-5697,
-2547,
29753,
-8856,
-29687,
25086,
20256,
-3413,
-439,
24162,
15236,
-28523,
-11250,
-13440,
28889,
-13162,
1325,
25851,
-9116,
-1779,
-7329,
20245,
-20563,
-15941,
12541,
32654,
-32644,
-23231,
-21732,
19204,
-30544,
-17150,
12851,
16517,
9968,
-19428,
-28280,
28261,
1420,
3632,
1068,
19436,
11948,
-28829,
26481,
3286,
4759,
-31895,
-29381,
-25578,
-32644,
20440,
13390,
-20723,
-30776,
-3668,
13575,
30732,
18830,
-18769,
23494,
29193,
-9221,
-32066,
11374,
4089,
28698,
-301,
-5000,
31894,
-25292,
-26562,
-13685,
29365,
-25581,
-31556,
26887,
8387,
-15449,
10917,
-4404,
8631,
20318,
-20130,
-2632,
-29141,
-24871,
31106,
3039,
-23042,
29547,
-8372,
-9112,
-4578,
-19958,
-7908,
15975,
-1661,
-15443,
-8170,
28028,
-26540,
-2957,
-9499,
-10681,
18333,
-23079,
5733,
10723,
18695,
670,
3087,
-21743,
12511,
-19092,
-23173,
-25811,
3133,
-31474,
-9685,
-2982,
-3051,
-22613,
-25899,
18631,
-24441,
3299,
30969,
-9255,
-32273,
14132,
3524,
27059,
30911,
24830,
26147,
27475,
21276,
12167,
15307,
-18405,
-6090,
-3819,
-2227,
2835,
28879,
-7105,
14096,
-15909,
26209,
15160,
23028,
-17673,
21601,
-8493,
-29456,
1139,
-14742,
-29502,
28759,
4016,
-11559,
-13396,
-18990,
-6644,
588,
-20215,
7748,
16837,
7940,
28227,
8075,
7688,
15341,
-10555,
-7624,
-608,
-24919,
414,
-292,
-28011,
11568,
29103,
28382,
23242,
15516,
-15180,
-22516,
13752,
24265,
-17991,
-21591,
-1262,
-21066,
6739,
-29632,
-1775,
-16438,
23437,
20043,
-15377,
-19806,
4565,
15387,
11881,
-18104,
-7520,
10173,
31349,
-19374,
-26149,
9754,
28134,
13901,
18011,
15925,
-20376,
-17177,
12991,
13070,
-7143,
-24529,
1738,
-27476,
5512,
-6325,
6424,
443,
2984,
-12907,
30830,
4898,
3485,
8029,
28468,
12754,
25339,
4920,
2504,
-25329,
-17634,
18652,
14168,
10623,
-17933,
2486,
-10085,
32699,
-15056,
-17787,
16832,
11324,
3635,
-10177,
15897,
-23419,
-4208,
23010,
-13561,
-22890,
10026,
331,
-5838,
13453,
-16046,
3921,
27316,
6578,
7704,
28085,
-20782,
31453,
19120,
25021,
24199,
2283,
-1206,
23922,
-13541,
-29124,
29245,
-8524,
24946,
18615,
13447,
-11367,
-31818,
948,
27132,
-5756,
-20603,
-4035,
-763,
-4180,
-17712,
25033,
8211,
4998,
11498,
8376,
-9996,
-11371,
29561,
20691,
-26795,
23031,
-1978,
17388,
-23890,
-8187,
-23580,
-29865,
2566,
3858,
3853,
-15081,
25552,
-11519,
-25809,
18925,
-11975,
2351,
32275,
-1085,
11419,
-1804,
1853,
-21402,
22011,
21873,
30013,
-23009,
-5156,
-23992,
-9188,
13425,
27578,
-16210,
-16680,
4106,
17552,
-26577,
-1972,
17895,
13900,
13276,
-25566,
9689,
-23152,
27751,
-3621,
2294,
14999,
-21616,
-2213,
-19928,
30953,
-20419,
2216,
23430,
-6307,
-30023,
30750,
-6213,
10666,
-11505,
-3461,
32178,
13322,
-17075,
-20875,
16028,
-27925,
9543,
-17893,
-29174,
-29991,
24937,
2572,
-1382,
-7470,
-30990,
2621,
27791,
12085,
-23360,
6790,
-26277,
10052,
4649,
-16814,
-4299,
2666,
-31432,
-32370,
17941,
8445,
-23336,
-21309,
5382,
-24070,
25165,
16987,
-11945,
17967,
-26953,
-19775,
-21890,
18669,
-14297,
28743,
9979,
-16682,
-30270,
18241,
10324,
12667,
27365,
6578,
-15809,
10219,
3141,
30658,
-3376,
-6252,
-13774,
-13876,
930,
-29894,
25434,
25643,
23818,
27533,
9476,
8441,
-5787,
-3146,
-14862,
22359,
-9400,
-22062,
8032,
-31587,
29859,
-5299,
-31652,
18193,
-6461,
-20339,
-16336,
-7138,
-1724,
-14636,
31855,
-27975,
-3094,
12468,
24831,
-7040,
9326,
10970,
11975,
-23595,
19934,
32016,
25671,
18266,
-3746,
28889,
18285,
-21766,
-30065,
-23287,
31971,
32262,
-5454,
-14631,
-24801,
3874,
32534,
26225,
20210,
-14300,
-5828,
-22335,
23285,
-2214,
-3024,
30818,
7006,
9561,
-15256,
24636,
-26111,
-8468,
-20358,
-8204,
29870,
-13254,
-25648,
-11972,
-27351,
-31421,
21073,
-21859,
23052,
-26241,
-25244,
-10931,
-9047,
-4884,
22846,
27621,
26607,
10447,
19015,
24572,
-653,
-6490,
-14285,
-32642,
-1355,
18572,
-22382,
18652,
5914,
20747,
29916,
-2513,
-4973,
-23147,
19348,
5233,
-29595,
-6992,
5069,
21778,
9165,
-22442,
13752,
-11862,
11962,
28763,
19375,
-22285,
-19451,
14152,
28944,
1295,
-18622,
13441,
-1531,
26003,
-18199,
15524,
-16643,
23124,
7368,
29545,
-18952,
-18181,
-22100,
23039,
10961,
-20802,
25172,
-7820,
-11451,
15086,
22077,
16745,
-29355,
6364,
-10331,
586,
-4755,
-11146,
-21722,
-12358,
-20134,
12986,
-9658,
14169,
-29200,
21657,
-20150,
24724,
-21461,
-1179,
-4536,
-2147,
6463,
22244,
-8465,
6855,
-14926,
18630,
4682,
-10177,
-6560,
9992,
-6747,
-10717,
32730,
27590,
-27779,
-19604,
8483,
-3175,
-32335,
11617,
-23358,
-22051,
22628,
-23027,
31901,
26561,
6229,
20418,
-21422,
-30069,
27954,
965,
-26145,
-15254,
-21130,
29986,
-818,
29398,
-8275,
-4107,
-3755,
6569,
32746,
19320,
-22856,
26357,
-26450,
18367,
26272,
-7132,
-27061,
18006,
22769,
22396,
-4986,
21168,
-22991,
-29128,
-26060,
32484,
-25729,
2229,
5585,
24513,
10172,
30614,
-29695,
27792,
-29086,
7722,
30850,
9718,
-28140,
27535,
-31550,
14470,
10197,
-12206,
-1618,
-32248,
12766,
20848,
-17939,
-6774,
5943,
-30584,
1523,
128,
-20622,
-19702,
31759,
-25247,
-13979,
21737,
7271,
24284,
-12012,
16228,
15831,
-22951,
29587,
23368,
29402,
-7722,
17202,
29458,
24435,
-17594,
-19119,
23312,
6000,
509,
10185,
12927,
16297,
28759,
-8897,
32411,
-30492,
-14893,
28239,
17489,
6576,
-10832,
25467,
-26579,
17319,
13585,
18380,
8998,
4279,
2166,
-16791,
-4049,
-18302,
-24725,
-7201,
31729,
-20829,
13212,
-18597,
-2892,
-9161,
28236,
19972,
-16997,
21163,
-22173,
-11428,
28531,
18290,
-31559,
-32614,
-25783,
-17969,
29733,
-11328,
29560,
24915,
-31819,
-31775,
-628,
-6318,
-31744,
2948,
-16597,
-3797,
31330,
-4675,
15234,
20128,
8663,
-11131,
-21950,
29020,
8095,
27831,
-28790,
-12328,
-22116,
1614,
-26698,
29628,
12498,
15299,
8838,
1991,
-21465,
-11528,
20991,
25368,
28264,
12875,
-10340,
29061,
71,
-19942,
10415,
20457,
-448,
-19578,
-2498,
-16773,
16744,
25176,
1413,
21793,
8824,
30651,
12057,
-15474,
-18815,
23308,
-31761,
24011,
-3216,
20162,
-9443,
12237,
-25935,
-20514,
-22776,
20214,
14558,
12093,
22674,
-31176,
28339,
17655,
31898,
-15561,
-22723,
-177,
-30389,
-3122,
5409,
-5269,
-15845,
20627,
8565,
15221,
3255,
26503,
6989,
-20930,
-30800,
20764,
20537,
21624,
-20992,
-9787,
-8977,
-8915,
6309,
19977,
-5642,
22891,
-4638,
32313,
-31121,
-461,
-23992,
5687,
6104,
-32387,
-11270,
9628,
7835,
20941,
-31080,
-12673,
-3842,
2520,
26576,
8159,
-7374,
26142,
2868,
-22424,
-20543,
17047,
5903,
-27118,
16058,
21517,
-10295,
-24304,
1553,
-12007,
-14291,
8848,
801,
-23475,
-27404,
1687,
-8017,
-1947,
12668,
14612,
-3618,
-6143,
31750,
25290,
22643,
-29719,
-20026,
-22219,
31266,
419,
-31493,
-5069,
26982,
-3478,
6217,
-9878,
-32336,
19848,
31265,
-17072,
-21597,
-17183,
13543,
6179,
-1198,
-7312,
-8860,
12998,
-29828,
-29958,
22660,
-26686,
-2397,
-26265,
-11103,
24027,
17114,
462,
15560,
-9120,
27956,
28814,
23866,
-29762,
11346,
26685,
433,
16724,
23874,
19253,
-31030,
27323,
-5311,
-7586,
7730,
8151,
23461,
-15907,
-25354,
2140,
4063,
23100,
-6624,
-18254,
-9121,
-31308,
-6705,
17042,
1220,
19062,
-19743,
15897,
10400,
-22377,
9833,
-13126,
-4981,
-23397,
-21764,
23179,
-8811,
-6524,
-19421,
7654,
21430,
17189,
31451,
-9481,
21148,
30370,
1703,
9049,
31907,
-16448,
30436,
22547,
-155,
-19990,
-12445,
-327,
-10785,
-10086,
20768,
-1625,
-17977,
13722,
19309,
3208,
-16337,
7594,
-26506,
14569,
25291,
9112,
-5159,
25498,
32565,
26435,
-10355,
27437,
26151,
6768,
24210,
-16791,
30749,
16262,
-21180,
8775,
1679,
-22877,
19,
-6097,
-24699,
10887,
-11012,
759,
-8923,
14996,
-22961,
-31712,
-10837,
24251,
12568,
-27369,
16616,
18922,
16982,
-20477,
10887,
9437,
-6444,
10745,
30904,
-32612,
10274,
16979,
-31134,
-17969,
2221,
14950,
-9466,
-28399,
23498,
21400,
22627,
-6512,
25192,
-21166,
19213,
24418,
-22118,
16288,
289,
-28357,
19087,
22601,
23927,
3308,
2243,
-29054,
19984,
20650,
-1653,
12477,
2811,
24043,
-22256,
-1829,
11917,
-13012,
8782,
1507,
28873,
25792,
19797,
29907,
-28283,
-17388,
-27298,
11936,
-9022,
-32438,
19313,
12806,
22006,
11467,
-9542,
-23698,
591,
7505,
-31471,
2201,
-8882,
19885,
-5089,
26958,
-5802,
-20974,
3849,
8881,
-20607,
20177,
-23851,
-1115,
-5724,
-15579,
-32445,
-18671,
27998,
-30325,
18958,
22247,
-32520,
8327,
14682,
12447,
-24221,
-10183,
3249,
-8213,
-23450,
-3055,
10164,
-10859,
-6510,
24866,
12398,
15378,
-12305,
-2025,
-5772,
1616,
17930,
25488,
-2947,
-12970,
29791,
4125,
-9476,
-20409,
-5730,
-2914,
15232,
12090,
-9697,
-7777,
32497,
-23950,
23122,
28718,
562,
4702,
-13972,
-12763,
31291,
-27420,
-17249,
-26632,
32039,
2354,
-19670,
5127,
-7180,
11070,
25926,
2369,
17016,
-11311,
-22572,
-7719,
9890,
2151,
-11453,
-31174,
20152,
28879,
-24110,
-18509,
287,
-25987,
-19549,
20912,
18930,
10658,
10656,
-5070,
-5047,
-7226,
-25744,
30050,
29646,
-17488,
9845,
-11147,
-6087,
31796,
4166,
-27483,
-15669,
-1027,
-15936,
-20670,
-19360,
21094,
12186,
27970,
27959,
7011,
-10017,
3005,
-26138,
-29942,
-27762,
-772,
-7582,
22547,
-683,
-5080,
15052,
848,
12290,
1500,
-26689,
-2318,
25374,
-26586,
-948,
-14038,
27689,
-3554,
19266,
-3701,
-28876,
-2885,
-30008,
-3314,
-23095,
8560,
4807,
-10525,
28310,
29962,
-23554,
-25386,
-30755,
-1388,
-29514,
-5608,
25085,
-12050,
-26668,
-5356,
-31130,
12112,
-15346,
20945,
-28015,
18914,
13238,
-26967,
12481,
-469,
17206,
26263,
-18700,
-10497,
51,
8109,
12909,
3025,
-6309,
31219,
-10650,
-26782,
-13854,
-7994,
10046,
24075,
24666,
31272,
32126,
-4822,
16315,
8297,
3506,
23145,
-7346,
9947,
23505,
22257,
10660,
31996,
2682,
-5830,
14916,
20530,
23266,
-13098,
-28400,
-22030,
19897,
16784,
-31102,
-5403,
-5109,
-406,
3544,
28537,
25487,
-20788,
20612,
-16114,
-14429,
-23263,
-28145,
15707,
-8500,
-17856,
-2464,
-31284,
-9434,
14669,
24456,
-26779,
-17077,
21813,
30453,
31948,
24486,
32494,
-29566,
7408,
-32283,
32455,
-12630,
28510,
-27953,
-6812,
11913,
23909,
-4446,
8035,
30866,
-28387,
-7553,
-8785,
-9552,
16229,
-9592,
-10778,
-13046,
12933,
-16744,
-19652,
-2704,
6722,
-22842,
6116,
18155,
18625,
-9500,
18769,
17435,
10949,
-5015,
-543,
3339,
-14059,
20668,
-31537,
31363,
-8272,
15609,
9272,
-10630,
500,
-7516,
13420,
4398,
-5266,
-768,
-486,
-1,
-26329,
-15274,
-21269,
12497,
5781,
22271,
-23677,
-7577,
-22033,
-13553,
-9555,
-22708,
3221,
-26747,
-19281,
-7835,
28319,
-26059,
6731,
-13545,
-20407,
26808,
19801,
17725,
7696,
7318,
17217,
-32363,
27088,
2702,
5768,
19896,
5575,
-13960,
-31320,
-8765,
-29967,
16952,
-17643,
26326,
32477,
4957,
24232,
-30660,
-20117,
5061,
18169,
-18314,
22044,
5023,
18766,
-22014,
-10196,
-10246,
32271,
-8,
-24642,
-8629,
25665,
-17455,
-8561,
27416,
8441,
-31701,
-32155,
-11505,
-20794,
-9143,
14335,
14757,
29581,
-18886,
-19048,
23723,
14767,
-12775,
32352,
11138,
-25518,
-24986,
-17249,
-26650,
14913,
-11025,
31000,
-22029,
-20636,
16237,
2890,
-9767,
28569,
-10775,
11956,
7514,
-12968,
-3228,
2218,
-4311,
32760,
-24318,
9991,
-26141,
25233,
3963,
20329,
7845,
24546,
-269,
17265,
-25044,
29531,
23508,
11454,
-23873,
-9940,
17930,
27212,
-23694,
2911,
-4153,
27832,
-23762,
-10936,
-5637,
14089,
5307,
-24624,
-21690,
-11968,
4316,
2877,
-9770,
15593,
14463,
-2720,
-24375,
2332,
22436,
-10360,
5476,
-20839,
-4980,
21426,
8115,
-14789,
20305,
77,
24837,
26694,
23267,
-23006,
-9091,
13115,
-1272,
6452,
-2130,
-28533,
32668,
25012,
16653,
14458,
25680,
26944,
-24184,
29098,
32252,
-6634,
29070,
29780,
-16366,
14656,
31185,
31608,
-2997,
15014,
-23417,
-25797,
-18598,
26239,
30744,
7288,
-17413,
483,
29130,
28886,
1399,
18041,
22925,
-30984,
24328,
8321,
-24408,
-22181,
-11654,
28083,
-28119,
-30137,
26968,
16229,
-15624,
18651,
3493,
22429,
32398,
6477,
7922,
-31135,
-16079,
22397,
-16961,
22193,
-29790,
-520,
21618,
-27741,
22174,
-13624,
10771,
-13754,
19033,
-12678,
23922,
14084,
-6051,
6285,
-13177,
17698,
-14407,
-8638,
20454,
32141,
32053,
-20874,
-4283,
5271,
-3248,
13761,
-7417,
-5579,
27850,
121,
-1482,
6871,
-4287,
10540,
-32468,
-26289,
-6004,
-9709,
19204,
-26173,
-22514,
-20184,
18883,
4188,
-10810,
3787,
-14292,
-6179,
23889,
-704,
-7095,
22615,
15988,
-955,
16526,
20228,
-11501,
-20493,
8322,
-17174,
29008,
26860,
-24755,
27206,
8242,
20624,
-24504,
18798,
-9450,
9234,
24702,
-24475,
8649,
30010,
-16913,
7811,
-17419,
-9229,
17685,
-14233,
-26168,
-28216,
-11691,
10499,
-13360,
-12956,
10581,
14853,
21079,
-4117,
-18269,
-12603,
10323,
-12863,
994,
-16609,
4044,
22789,
27586,
17535,
-31707,
10984,
9775,
13617,
-15003,
-12063,
-16331,
3604,
28797,
8781,
1380,
-194,
-5384,
22793,
-30977,
18147,
-29425,
-31877,
-24334,
21739,
12072,
-1811,
27211,
-9629,
-25153,
4422,
6813,
31925,
24417,
24341,
-7404,
9886,
8865,
4165,
-16674,
-26012,
-24175,
28610,
-9222,
16118,
-28675,
-2312,
-30056,
16640,
-9032,
19344,
3760,
18576,
-9110,
22463,
10178,
-15456,
-7193,
-23177,
-19204,
9363,
-14720,
6240,
6239,
-13106,
20506,
-17217,
-28363,
31106,
-32737,
22975,
-22351,
-11860,
-7440,
29829,
-18924,
14437,
18437,
-25934,
-12181,
-9946,
-5075,
-24731,
27448,
-12420,
-18186,
-21379,
27110,
-28224,
7208,
22965,
-9942,
28792,
-1411,
26395,
-23844,
-4788,
-19652,
16743,
-26721,
-13967,
-18158,
-27202,
-6729,
-22825,
-6757,
20429,
25658,
-32425,
19664,
-21038,
10691,
232,
20591,
18744,
9321,
13891,
12713,
25758,
-30511,
31774,
26493,
-2057,
2025,
-32059,
28834,
2414,
611,
23312,
-25444,
14941,
24042,
28430,
23535,
-6593,
31534,
-18675,
-28197,
-6797,
-17197,
30388,
17966,
17131,
26744,
5060,
4915,
-31722,
-22493,
-9633,
-12982,
-16654,
-3345,
5173,
23349,
19764,
-9939,
7093,
15085,
19183,
-14484,
-28634,
-17109,
26102,
-23493,
5939,
13731,
21924,
18180,
24519,
-23629,
3733,
28901,
-16291,
4322,
1891,
-14995,
-23018,
-16034,
-14234,
-8577,
7131,
-13266,
-29364,
32496,
-30369,
2812,
11760,
29771,
-16192,
4777,
-482,
-5176,
9608,
-26423,
-22878,
1254,
13777,
-2455,
-9331,
28459,
7645,
-12350,
12018,
-5934,
25045,
-21412,
-15904,
29846,
-19807,
-3950,
3737,
-25116,
-4030,
23209,
-28603,
31226,
24746,
-11547,
31550,
3621,
25996,
31870,
-1087,
-2057,
-12953,
-4811,
-16515,
7143,
-30835,
-19040,
-9911,
-11087,
19960,
4865,
-6271,
27104,
-18771,
14067,
8559,
-5495,
20129,
5118,
15023,
-4924,
18554,
19840,
-8434,
-24980,
-25245,
16651,
26044,
-8336,
8365,
-20979,
-20197,
-25838,
-3384,
-28801,
-9917,
-3736,
-21002,
-3502,
-7940,
-21575,
9027,
25004,
30529,
-7282,
18914,
26938,
-5806,
10796,
-19906,
15943,
-12979,
-29760,
-22482,
30091,
-1685,
-18249,
-9460,
16557,
15960,
-28613,
19762,
21510,
-29963,
-28805,
12190,
-8243,
25917,
-895,
14764,
31930,
-18831,
-21244,
19554,
4703,
2731,
11212,
-12144,
16902,
-9559,
4732,
24159,
-22642,
8313,
-903,
-20133,
-13336,
15973,
27533,
-30639,
-31426,
-16997,
-22189,
15735,
-17062,
5011,
-21133,
20142,
17655,
17585,
-28017,
-15158,
-16732,
-3811,
18126,
-15946,
-25618,
10348,
20154,
25197,
2874,
-9783,
-15017,
-25676,
6630,
-21026,
-23229,
-3544,
16615,
-26052,
-31152,
27697,
-20126,
-7519,
-5511,
-29853,
15432,
16216,
-5122,
30656,
-6156,
23960,
-24335,
-6101,
14766,
-30546,
31297,
-25821,
-5925,
-12598,
11127,
-14081,
-21052,
-20183,
-25627,
222,
4463,
2303,
12531,
-17220,
26584,
-14078,
-2606,
16190,
-12285,
-3785,
17835,
-23805,
-31327,
-786,
31235,
28621,
5026,
-30759,
17462,
-3184,
-73,
-23714,
-22552,
3120,
6820,
-27659,
-8068,
-8752,
-1756,
-1728,
28993,
-22775,
29554,
4411,
-30094,
-27963,
-21042,
12298,
-2753,
6401,
26063,
-24587,
30691,
28798,
-25317,
-22977,
16611,
-5361,
-16753,
31433,
23205,
-24661,
-11483,
-25069,
125,
-11886,
-31398,
32451,
-3328,
2574,
-5622,
32459,
22986,
28307,
-16080,
24571,
-8197,
-18057,
-27908,
11764,
19156,
-26876,
1532,
11288,
5123,
-4214,
-203,
22294,
20221,
15670,
-17738,
-32511,
3927,
-17660,
-24872,
-6635,
21091,
-11815,
5866,
-15868,
-29893,
-11902,
-7870,
16293,
14353,
-18275,
12037,
-3299,
5348,
273,
19800,
5354,
19933,
22026,
16364,
-5157,
-963,
7007,
-13608,
30402,
17590,
14031,
-18145,
18958,
29170,
-24192,
28314,
-8835,
22823,
5450,
8200,
12341,
32516,
30913,
31924,
-17087,
8806,
22624,
30938,
17607,
8000,
1473,
-32511,
-32371,
15010,
-32659,
-30722,
-10025,
-26932,
-26984,
18103,
-1915,
5438,
1833,
-25157,
14104,
14477,
12079,
-11466,
-14106,
27042,
-9276,
-17744,
12823,
31372,
23170,
-26860,
6833,
4590,
-18058,
-1293,
30204,
-3793,
-11997,
-30239,
12571,
13396,
13337,
9426,
16202,
15778,
19637,
-30596,
12679,
-27666,
-9646,
-9397,
-28252,
3316,
3249,
-20488,
7425,
10783,
30444,
-31387,
368,
-8399,
29024,
-21690,
15778,
4081,
-13085,
-26938,
15941,
-19861,
-26780,
366,
-8263,
5988,
1685,
-7140,
-25892,
-3126,
31957,
1034,
9576,
-22220,
20289,
-21810,
-13560,
-32757,
-910,
8276,
13276,
29335,
-17587,
17251,
32446,
-22058,
-13395,
-24498,
-22680,
-10605,
-24563,
-24902,
-10178,
29745,
-325,
13723,
7637,
-20461,
-23898,
-23743,
11954,
32570,
17532,
27653,
-17128,
11000,
27679,
-15017,
5854,
-1633,
-3960,
-852,
13250,
6956,
21742,
-18280,
29010,
13035,
-25152,
-4371,
15010,
5989,
-23808,
26374,
-14470,
-10908,
-19681,
-4681,
-5882,
-27726,
4573,
21898,
15471,
16175,
-9783,
-1823,
-899,
-4968,
7658,
-15616,
-24087,
20594,
20565,
-18895,
-13546,
-6857,
7112,
-30397,
22961,
-14401,
6308,
8856,
-11789,
-2331,
-8914,
15340,
13322,
-20290,
-11015,
6166,
-5371,
-17966,
-23155,
-15340,
-17770,
3909,
-18756,
-3713,
-30837,
15247,
-1005,
-18206,
-25032,
-26318,
4193,
22651,
-25144,
30,
-12261,
3410,
3429,
12021,
-27004,
-15288,
-29512,
-27615,
25133,
-26148,
-7638,
-21904,
10479,
14662,
13456,
-3813,
-19407,
-25684,
-30483,
1970,
14497,
17793,
-17221,
-8197,
31718,
-19033,
-19156,
-15324,
-1042,
-30412,
-13451,
-31011,
-1001,
26383,
-30230,
-404,
-30256,
9292,
-6089,
24879,
19596,
32455,
17729,
6275,
436,
-16878,
-5028,
29810,
29490,
12932,
19928,
5902,
7363,
-20988,
2400,
-21713,
-11119,
-4661,
-14182,
7720,
16363,
-12331,
1233,
24899,
14117,
8203,
19209,
26824,
9730,
14666,
-12206,
-25694,
-27200,
32078,
31833,
16790,
2193,
-1120,
-30045,
14497,
-5855,
-5772,
-17320,
-31927,
-5974,
17277,
-5706,
-25578,
-12833,
642,
-23434,
-28185,
15273,
-13202,
-7656,
-32157,
24054,
9842,
-192,
-15867,
-9431,
-25370,
206,
-18609,
26211,
-6168,
20386,
23140,
-28449,
-831,
-1159,
30150,
29749,
18832,
22892,
25045,
-2636,
-29902,
7891,
16566,
-26436,
-28635,
-16350,
-19553,
16332,
-9305,
24169,
16514,
-24038,
28837,
-20446,
15050,
28846,
-30580,
-19842,
-27674,
-16151,
-32739,
14007,
6466,
26396,
3647,
2872,
-17153,
-20011,
22141,
13700,
14924,
-27076,
-31760,
2054,
20993,
1313,
28433,
15508,
15276,
-15302,
-4915,
13563,
-2954,
1887,
-27557,
-10700,
-11916,
-22390,
28023,
-29908,
-24210,
741,
10303,
17198,
7726,
25592,
20854,
-23671,
-21530,
-7601,
-15538,
8299,
12296,
17620,
-11354,
-32723,
-1085,
-18288,
-31713,
24397,
-32132,
-8163,
-16394,
-17407,
24881,
-17435,
-21850,
32103,
-11536,
906,
-31631,
27661,
5863,
-14415,
11915,
-1050,
30593,
-22479,
3694,
27636,
-11610,
26547,
-31028,
9271,
21026,
30870,
22194,
-14610,
27989,
-27126,
6871,
18354,
16635,
-22088,
-12691,
11457,
5129,
9324,
-7702,
17840,
14408,
-5422,
14034,
15794,
11949,
26087,
25650,
-30551,
9042,
3271,
23268,
-24472,
11872,
3685,
-28289,
3610,
-16664,
-3403,
30556,
-7714,
27136,
-3854,
-6243,
-13523,
-23352,
-19031,
-5815,
59,
-8671,
27350,
-9527,
-23894,
-26269,
-28521,
14696,
-12016,
-21140,
19292,
-14318,
-25251,
-12263,
31732,
21712,
-407,
-10338,
23893,
13950,
16602,
22623,
20898,
20123,
13280,
20861,
-26950,
10997,
4327,
-27411,
17720,
32756,
4689,
18962,
4176,
-12521,
-6658,
-11095,
31844,
-30413,
2811,
29233,
3391,
-4152,
17038,
-8261,
3058,
-3704,
-21544,
25227,
-23490,
13495,
11800,
17207,
-10014,
-12497,
-18645,
21682,
21500,
23292,
-24100,
-29688,
-29397,
3945,
-22130,
13193,
-31082,
-26408,
-14016,
30421,
-24949,
-26168,
24237,
-8259,
21052,
-3997,
-30159,
8471,
23399,
-31449,
4993,
-24850,
6923,
-1071,
32366,
24723,
-2860,
27477,
2909,
360,
31648,
3836,
-27630,
-3066,
24760,
1213,
15516,
-28168,
-18577,
30390,
28980,
-31353,
19824,
6350,
26620,
723,
3383,
1154,
-25922,
17674,
2446,
-22258,
-10666,
690,
-26866,
25590,
14270,
-28885,
20640,
29712,
31181,
-11536,
29504,
19782,
11643,
-3625,
-14589,
-17620,
-11522,
-26663,
17433,
-29122,
2054,
24654,
-24210,
-18479,
-26356,
-10929,
9949,
25652,
19928,
10068,
5163,
7817,
-11882,
27246,
9816,
-8398,
-828,
19546,
19918,
-21526,
-15553,
27409,
-17782,
-12472,
-18701,
-27780,
-11149,
-31215,
-8337,
15331,
-25207,
3039,
-14094,
24665,
19713,
26965,
14934,
-30586,
14813,
5753,
-18162,
4772,
-32639,
-31874,
6935,
2867,
-14366,
-31055,
-15493,
26592,
8858,
8747,
10863,
-20969,
-4359,
8719,
-15797,
-19547,
-20614,
17336,
-1742,
3863,
-21883,
-8854,
-26408,
-30254,
-5546,
-12290,
-27233,
-24145,
31146,
-10143,
22907,
18667,
3654,
14045,
8941,
19565,
32594,
19781,
7228,
23469,
-8697,
-5290,
-9119,
-11193,
-31891,
31166,
-2450,
-407,
-29202,
18144,
-18355,
15330,
-31063,
-19888,
30868,
6291,
3661,
-13304,
12143,
7908,
-21750,
-18493,
11567,
8119,
28515,
27314,
20016,
7405,
5662,
19588,
5202,
-19937,
26439,
-24571,
30809,
20973,
25484,
20627,
-2066,
23119,
-20145,
30220,
6868,
-6538,
2410,
-30822,
8720,
25485,
-14309,
32092,
7498,
14914,
24384,
-12966,
3726,
18225,
4099,
-27463,
-12169,
9307,
1001,
-5205,
14295,
7694,
13030,
8129,
-3113,
-5828,
-21529,
22342,
-18524,
15550,
-27846,
32163,
-13089,
14811,
-7641,
13772,
-19938,
-11980,
-9621,
-16862,
12942,
15134,
-27909,
23655,
-32493,
-27581,
-13246,
23406,
19246,
13977,
-25936,
-9104,
-25736,
-24064,
29431,
8229,
-27560,
-19701,
-12987,
26942,
1483,
6082,
-9555,
9606,
3028,
-22981,
-18828,
10254,
-30018,
-7000,
-778,
-20491,
16353,
-1702,
20599,
14217,
-21425,
-3575,
1654,
12213,
-30292,
-30360,
-24389,
12602,
-20352,
-12623,
16578,
-8827,
19679,
14684,
15095,
-23327,
8989,
-29955,
26545,
-6671,
2164,
2013,
3396,
-2971,
8529,
-25670,
22658,
-20756,
-31981,
2570,
-10871,
5073,
-31792,
1148,
28289,
16120,
-14731,
-17733,
-20531,
-28097,
3607,
28688,
17318,
-4377,
-18212,
3613,
12408,
7100,
3783,
7101,
15100,
-30080,
17251,
21644,
-21270,
-5108,
25782,
8205,
-17733,
-14605,
12501,
15579,
-9520,
29011,
7494,
-18433,
-15591,
-13431,
-29152,
18977,
29217,
-3417,
-10073,
-19672,
-11897,
28909,
-22820,
-18293,
-22822,
-6044,
23742,
-8293,
-1425,
-5820,
157,
-15242,
482,
-14358,
9156,
28195,
7067,
1315,
15622,
26113,
-20297,
-8377,
-24736,
6615,
-31982,
-6059,
-29220,
-7345,
2073,
25632,
30778,
23527,
17007,
-1708,
-26923,
-29072,
-1916,
-13345,
-5356,
-27199,
-23969,
29187,
-22479,
14707,
-5308,
4932,
502,
18100,
-1027,
4703,
-21679,
-11298,
4882,
23198,
-24487,
20432,
15451,
-3670,
7797,
22297,
19812,
-19853,
-5019,
-24362,
-27456,
-17684,
-14706,
-30608,
1560,
-27707,
-23930,
-14841,
27094,
14889,
27549,
-20168,
-1546,
29409,
30639,
-8331,
-11721,
-9978,
-29283,
12210,
1991,
-21311,
8321,
25990,
16063,
27552,
-25023,
-3948,
3927,
-15446,
27098,
-25310,
-26920,
28669,
24657,
-7323,
24752,
-11473,
9248,
-26868,
19741,
-7006,
-26388,
365,
31404,
-7776,
13393,
-22867,
3924,
-4337,
-14823,
15297,
2353,
-6305,
-3946,
20700,
15423,
1128,
-1882,
-25307,
29267,
-16036,
-13776,
14394,
-6354,
29034,
12294,
-5343,
16728,
26732,
-14772,
14547,
-29929,
16200,
24072,
-27923,
-4063,
20327,
2021,
26327,
-27489,
13057,
5910,
14299,
28405,
-17565,
-20408,
-3607,
-6670,
-27826,
-669,
-17197,
15784,
20872,
-21014,
-30430,
-15310,
-23896,
13091,
4059,
15741,
14893,
20529,
23785,
-13931,
13839,
-29187,
32498,
-25209,
3169,
7502,
-29193,
22554,
31147,
28139,
27176,
14883,
-11500,
-26009,
-4720,
16759,
25432,
-21302,
-7358,
14005,
27267,
22014,
18021,
-25409,
10134,
-32095,
-7013,
-17093,
-18380,
-6474,
-5815,
29388,
-16022,
18756,
23772,
1356,
-28660,
-20633,
16118,
-1318,
-8063,
-22797,
-5110,
-27867,
-23821,
28454,
-20776,
-32063,
16895,
28008,
-19928,
32621,
28642,
26265,
4898,
25011,
26040,
10278,
837,
6088,
-538,
-13621,
-9542,
-17497,
19435,
-23007,
-32032,
25579,
-15119,
-6146,
21222,
14640,
5430,
17212,
11414,
3399,
25945,
25486,
-30077,
1701,
30022,
-12774,
-13718,
15281,
-4159,
-11135,
17790,
8782,
21391,
-8488,
24050,
19723,
12204,
-26359,
-2241,
6443,
-26580,
-1438,
-15575,
-14794,
-3305,
-6161,
12735,
-143,
-22154,
-23119,
28801,
1044,
28550,
12701,
-6854,
-8430,
-16686,
5552,
-6780,
30967,
-2486,
-27032,
-26523,
-32620,
-10604,
12372,
22486,
9321,
-8088,
-15190,
6499,
20369,
-15933,
-12545,
-15615,
27903,
693,
27927,
-9714,
-13885,
3059,
17251,
-28219,
6144,
-29573,
-9778,
-25661,
-24979,
-435,
10259,
21947,
-12119,
29006,
22396,
9773,
-25772,
-19333,
26449,
13014,
25218,
24333,
32688,
-19081,
13049,
-19735,
-12295,
21736,
-17469,
18814,
24908,
-13011,
-6303,
-19934,
-5635,
11982,
26579,
-20942,
4708,
23280,
-9444,
-10664,
10251,
26535,
25037,
-1369,
-19952,
-17121,
-28120,
-28694,
25613,
22798,
6945,
-29002,
-30339,
10626,
-1300,
-13157,
-32520,
20855,
-21201,
31706,
-27376,
25638,
30467,
6584,
-16394,
-3956,
-22874,
22780,
29169,
22057,
-10343,
17191,
-21087,
24392,
19543,
-22763,
-13118,
-30711,
-8921,
12939,
-27335,
-9508,
12554,
-16955,
14719,
11641,
-27654,
-13488,
-20360,
-30350,
-14146,
-8056,
2920,
-30028,
-26498,
1030,
-24330,
-11853,
16454,
22201,
-28048,
18527,
-32426,
-9676,
-9816,
14394,
27532,
-9308,
28151,
-9067,
-8697,
11983,
-2694,
19465,
16402,
2515,
-25306,
-5899,
-32035,
17091,
-19428,
19266,
-25156,
25950,
-25925,
-23255,
-9524,
-19149,
-18490,
-1282,
-28329,
2995,
-19038,
32567,
26327,
-25673,
-25691,
-20155,
-28219,
-17928,
21966,
341,
4407,
-8016,
-22873,
27670,
21741,
9262,
-18214,
9075,
-3134,
12790,
15640,
3753,
15104,
-1889,
-23965,
10167,
-4651,
-24773,
-8618,
7336,
-10033,
-14779,
19676,
29798,
28158,
-23194,
9259,
-15510,
-18340,
11652,
20341,
-25935,
29387,
-21612,
4877,
-29806,
-14150,
-15188,
10185,
32225,
-8951,
-30551,
-11646,
-18849,
-5862,
-12614,
-15637,
4718,
-18660,
13242,
4942,
4447,
11772,
-26144,
9363,
14200,
29775,
8690,
14283,
25727,
-22638,
13216,
9959,
19610,
30589,
32008,
-17421,
16170,
-26071,
30921,
-21334,
8262,
-27798,
9092,
-29155,
-8320,
-4704,
19986,
30853,
16657,
8321,
8426,
-15380,
16575,
-21532,
7513,
22682,
29692,
17624,
13746,
-21280,
7824,
28049,
20587,
-5219,
31909,
10036,
14283,
-5438,
-6288,
15827,
3953,
20062,
8454,
-5866,
-13794,
3850,
1775,
-20979,
4011,
-20347,
-9470,
18221,
32537,
-14992,
29589,
29776,
23815,
-3363,
8968,
1565,
-30739,
29897,
22706,
17638,
13451,
14932,
31774,
-28280,
-13769,
17158,
7348,
-6791,
-21223,
-10947,
-12023,
-20926,
-32058,
10399,
-29101,
-5959,
25051,
-3133,
-19375,
-6382,
6069,
14063,
-3911,
-21477,
-7281,
32112,
17074,
8055,
-31654,
-19729,
27738,
19240,
31483,
-17856,
-11307,
-24980,
-2815,
10930,
7908,
-6308,
4467,
18506,
-10524,
-31556,
17057,
3195,
-13602,
30222,
28069,
80,
13798,
5019,
31322,
16669,
20991,
10044,
-12000,
-3043,
-6830,
544,
15766,
6202,
16817,
23867,
-27090,
-25118,
-27370,
-30765,
3754,
-11495,
19417,
-13182,
26979,
15905,
-25368,
5905,
-24259,
15789,
-1235,
-13041,
-9223,
-2004,
10713,
23762,
9966,
12872,
-3572,
22011,
7975,
806,
-16684,
6914,
-15271,
-3686,
-28121,
19989,
-1296,
-24609,
31530,
778,
-11271,
-24881,
10498,
-26029,
-32718,
-22812,
-7844,
13557,
24344,
7104,
-19069,
-29991,
-15048,
19101,
-26172,
-12919,
-23166,
-16819,
22154,
-9733,
7596,
-23755,
18873,
-32077,
3041,
-16766,
29497,
31563,
-21683,
-22682,
3579,
-31305,
-29962,
-18597,
23327,
23621,
30646,
6277,
-2763,
19656,
-5450,
11256,
-27367,
24699,
2926,
-2786,
-22411,
-28615,
20697,
-20142,
8352,
-16071,
-14724,
-12499,
-2686,
17951,
7662,
-32132,
-6312,
-13036,
-6924,
10643,
-8003,
15080,
12683,
10344,
-4245,
8877,
-29599,
3502,
29952,
-18476,
-27026,
-6813,
54,
15999,
-15931,
-337,
-21468,
10475,
26021,
15957,
2901,
-16948,
16212,
14021,
-17141,
26588,
7933,
-4043,
-5953,
8040,
6060,
9074,
-18462,
-21266,
-31384,
10303,
-29423,
27947,
28080,
-19780,
-10533,
-17071,
22457,
9649,
9469,
-25998,
-1702,
-9828,
-24661,
-11063,
-1374,
-22073,
-11850,
-9499,
25891,
21913,
-30829,
-24058,
-28526,
-29712,
-18786,
-5548,
30865,
-31346,
12278,
17688,
17841,
-5212,
-23622,
-15615,
-28812,
-1334,
-20170,
10721,
-7451,
8042,
2774,
18689,
24879,
-26935,
-2908,
-21131,
-15007,
-11742,
-18516,
28284,
12401,
-7992,
29817,
-21091,
27035,
19722,
9228,
19752,
-31145,
19649,
32443,
16471,
-19496,
-8609,
-28850,
-4005,
-7329,
-15896,
-13591,
-4923,
26151,
8665,
-3057,
22201,
-13053,
-5899,
-9526,
-18053,
-23002,
32243,
-28064,
18666,
5012,
15491,
-15894,
-30003,
-22315,
20860,
13425,
27317,
18912,
17330,
-17652,
6426,
-16944,
19984,
-18885,
32087,
-962,
9615,
-31754,
-1927,
-30494,
-30101,
-21038,
-30771,
-7023,
-13141,
-5509,
20466,
11076,
32189,
19037,
-27597,
-24904,
-16752,
24174,
29176,
3466,
29123,
2403,
-22904,
-23062,
15244,
-14265,
-11222,
6792,
14576,
-12029,
31167,
-6806,
-30380,
-24181,
-28936,
13857,
11612,
-28177,
-28136,
-30079,
-31802,
5094,
-17848,
26041,
17846,
-18556,
-32610,
508,
999,
27443,
19520,
29083,
26466,
24211,
12128,
-13390,
-26364,
-20227,
-6011,
-1135,
28931,
24132,
15771,
26004,
-8782,
-378,
22409,
28770,
10730,
27050,
-4305,
-20963,
27285,
-5501,
23353,
2484,
-6097,
-23602,
30829,
7768,
16166,
-2902,
-5514,
30397,
-15093,
-5417,
-13086,
-8125,
-18040,
-23685,
-29735,
-794,
98,
3573,
-17822,
-23270,
-27008,
22582,
-1173,
-32506,
19337,
-23504,
-13919,
8987,
2615,
493,
-3679,
-19928,
6475,
-30419,
2873,
6086,
4273,
27093,
-17992,
-22813,
4009,
-9410,
5020,
-30685,
2116,
7473,
16284,
21571,
27214,
28878,
2327,
17023,
25315,
25754,
13353,
-15358,
3109,
-18869,
19006,
-27273,
10000,
20434,
14880,
-8837,
-11624,
2283,
21359,
-8154,
6020,
19907,
9702,
24499,
22918,
-22145,
11804,
5020,
31401,
12494,
30845,
30363,
-31646,
28622,
2639,
-10134,
7748,
27319,
9160,
-30576,
21293,
1997,
-966,
11097,
-13030,
-18753,
4733,
-6505,
7319,
-9346,
-17067,
-11999,
-18792,
-14525,
-30520,
24420,
-13370,
9197,
-12439,
-2148,
-12790,
-15979,
-22962,
14418,
-18197,
-14574,
-8500,
-2570,
20311,
1576,
-14139,
-17516,
14777,
10436,
-20097,
-16638,
-12970,
1872,
-24845,
-20420,
-18337,
-26156,
-6074,
26015,
10750,
-17132,
10715,
23902,
32093,
31888,
15811,
-5195,
-32351,
-6916,
9396,
-3567,
-28041,
-7792,
-6401,
1634,
-1419,
13171,
-26797,
-14160,
-30456,
3843,
-1423,
-30074,
2358,
31908,
26474,
5432,
9,
-8682,
-731,
-17084,
-19846,
13335,
27924,
-8001,
28188,
4259,
27143,
29954,
29080,
-22303,
-31457,
20294,
-8034,
-15721,
633,
25490,
31439,
-5950,
-10530,
-9619,
-16733,
25110,
9178,
7360,
-20057,
13890,
-12833,
-26518,
-7077,
-31488,
14118,
3933,
3663,
29048,
-28710,
-5230,
-26146,
-26183,
3654,
-11847,
21679,
-32344,
-16858,
-30558,
697,
-10156,
-7353,
-21890,
31128,
-26654,
27314,
12659,
11398,
-29116,
-16420,
-24060,
3025,
-13550,
16977,
5278,
13514,
-4472,
6654,
-16143,
-26206,
20404,
14241,
29269,
-10650,
-4370,
-26098,
-31724,
-6834,
-16103,
-28517,
7424,
30992,
29438,
-12763,
-9078,
-21499,
11780,
22172,
16964,
-18750,
6337,
10478,
-6330,
-7527,
-19234,
-19819,
16392,
-20470,
22143,
8914,
8880,
12826,
3877,
22479,
20023,
1284,
-15268,
-8539,
-11326,
-24659,
-14682,
-19913,
-16369,
13117,
-437,
-25369,
19160,
2868,
-29763,
5238,
27051,
5354,
-236,
5055,
-29280,
-29322,
-28375,
23218,
-7921,
-2391,
24062,
2481,
-14129,
32649,
3218,
-16119,
8552,
-8312,
-17108,
-16329,
1425,
15201,
-21353,
20276,
22633,
-2495,
-29404,
5436,
19855,
11856,
-31488,
-26406,
8828,
25069,
-29768,
18013,
1131,
9935,
-11281,
-31835,
7763,
16079,
-22571,
-24028,
-29976,
-12547,
9447,
9466,
5896,
-7849,
3017,
8663,
-21129,
-31360,
-15247,
32243,
30479,
31647,
-29295,
-25666,
-6103,
9102,
-9271,
16567,
20034,
-22621,
29887,
-1392,
13547,
18644,
2595,
-5399,
32178,
9581,
1285,
-25819,
-24794,
-2528,
-28287,
26448,
-5410,
-29598,
28599,
649,
-9641,
10802,
-7239,
6315,
-20986,
16602,
27552,
16817,
1697,
28023,
-6720,
15444,
626,
26900,
24672,
28903,
7218,
-4415,
-25089,
16011,
-4312,
-28700,
-24534,
23668,
7314,
3084,
32256,
-21568,
-23126,
21297,
13207,
-9589,
23586,
-25721,
-28887,
-23024,
15741,
11195,
4638,
-2190,
18434,
15857,
-4693,
-19143,
2882,
332,
25977,
6360,
-8428,
26400,
-20640,
24113,
-10535,
2043,
-13300,
-20000,
-14948,
-6645,
29629,
8146,
12211,
20392,
9880,
-10218,
-28648,
-19087,
22306,
-30593,
-1977,
-23254,
17292,
-8813,
12748,
22594,
-11012,
-9218,
-29083,
-4047,
-27344,
8689,
30736,
31710,
-4952,
18837,
13686,
24378,
-10548,
-29248,
10442,
27753,
6919,
22822,
-19028,
-29622,
25126,
24975,
6840,
-1436,
26619,
-12416,
28259,
21723,
-31751,
20119,
28219,
-7977,
8555,
9015,
-30526,
17128,
25443,
-14535,
-2685,
11954,
-28006,
9060,
18961,
-18741,
-21374,
-19830,
-2537,
-16846,
-7804,
-10120,
28425,
5937,
16609,
-3881,
3611,
17583,
-27888,
20897,
605,
-24481,
28813,
18661,
30127,
28566,
-23057,
-28920,
3486,
31466,
10171,
-3372,
30814,
-2562,
18566,
12138,
6873,
25156,
14168,
13459,
8204,
-30085,
-5457,
24157,
971,
-16097,
-15741,
30018,
-29192,
953,
7861,
-16964,
4335,
-7357,
16086,
18416,
23724,
272,
6383,
-31506,
-24835,
-9548,
-25051,
9363,
-7120,
-113,
25623,
28451,
23127,
-24984,
17522,
26196,
-3799,
32207,
12205,
22162,
-7767,
9941,
-30880,
10695,
26135,
18208,
24288,
-1050,
14611,
-29532,
29417,
16871,
-20638,
-6448,
8222,
8574,
-15402,
23049,
645,
17444,
10036,
25555,
29238,
-5574,
-2853,
20078,
-1731,
-23628,
-29195,
5586,
625,
32432,
8580,
11068,
10703,
-3189,
-28325,
29473,
-27041,
24766,
17735,
-15793,
-31304,
20355,
-4215,
12490,
21299,
-2566,
-30733,
-14291,
17939,
26892,
-19729,
20593,
20109,
-24548,
-13065,
-4901,
-7897,
11483,
9339,
12413,
7540,
-8255,
12746,
-1292,
17787,
12924,
-19736,
31377,
24957,
-4594,
3543,
22469,
-3014,
18932,
-20698,
-7412,
-14518,
-14488,
32508,
20909,
24626,
26148,
10401,
21934,
9257,
-1977,
-19318,
27475,
11023,
19831,
-23337,
-16105,
10269,
2040,
-1772,
-6846,
-29002,
-28820,
14540,
-16539,
16074,
-11291,
4381,
21294,
-23024,
3970,
5546,
-2252,
-10249,
19789,
-20196,
985,
-28563,
19049,
-17623,
26900,
16112,
23771,
-9241,
-15099,
-11069,
16365,
23503,
-24980,
-29463,
-2253,
-2478,
30433,
-14237,
24645,
-11280,
29382,
-23043,
-3507,
11239,
-25680,
12899,
-27704,
-32064,
-15809,
-15652,
-22648,
-2251,
27557,
-547,
19745,
-17372,
23471,
-20319,
6601,
17576,
17449,
6460,
-32057,
11836,
-9703,
3081,
29945,
11348,
-25611,
-8533,
-22771,
25754,
-14888,
21340,
26524,
32187,
-12150,
12414,
989,
-27955,
1069,
-6374,
-3518,
-21568,
-27173,
-27298,
30709,
-24592,
-31040,
18144,
9208,
21288,
-28204,
-10794,
-21586,
24051,
21590,
23937,
32198,
787,
-7317,
-18468,
26628,
-30653,
-30375,
4420,
-25878,
-24805,
-11608,
24632,
-16014,
-29181,
31684,
15348,
-19660,
-26019,
-28592,
24035,
6409,
-29739,
-14547,
21901,
-28138,
-23137,
13997,
-12939,
20546,
-7669,
646,
-1663,
8685,
21239,
7011,
-9034,
-31965,
-5968,
8738,
-9962,
6919,
-27446,
-32486,
23608,
8445,
-14590,
-14006,
-23362,
-9864,
-13439,
-13886,
8812,
8265,
-14489,
-8402,
-9164,
-23051,
20221,
-31372,
30772,
-12590,
-17485,
22638,
7055,
-30632,
-9446,
-3930,
-28880,
2782,
-15017,
30934,
108,
30299,
-29105,
30289,
16339,
-7227,
8782,
-8292,
-28688,
28090,
6906,
5791,
28789,
788,
20658,
-21470,
31448,
8416,
-5875,
-30202,
-4750,
22857,
16541,
-23039,
26730,
-3037,
-28474,
-6295,
-11668,
-13909,
-8179,
-5019,
-16698,
15735,
32367,
-23893,
25976,
17252,
18549,
12762,
28269,
30286,
32735,
-4472,
-25166,
3487,
17107,
-21852,
1647,
-17875,
12265,
29949,
-27595,
-28341,
-26724,
-16806,
23069,
14206,
-6879,
8842,
2024,
-9076,
24134,
-4925,
2554,
-12988,
-19070,
13275,
-19020,
14213,
9596,
-28656,
-2408,
-4655,
-13559,
9471,
27653,
13663,
27021,
6231,
22903,
27527,
-28913,
-15758,
23482,
3395,
-25415,
-19066,
-27782,
-4548,
-19650,
-16643,
-30958,
2284,
-9518,
-14592,
-17966,
25591,
27874,
31342,
-2357,
9245,
3195,
-6084,
13481,
24241,
32577,
-31765,
7931,
32719,
32049,
-4759,
-14173,
16198,
3037,
-30063,
9751,
-12936,
27746,
-13060,
-13445,
21213,
-15310,
30096,
32140,
-26185,
30230,
27203,
25647,
6701,
6300,
-27733,
-26569,
-21574,
-10682,
10320,
30307,
8715,
-22010,
340,
27983,
26923,
27566,
-1116,
228,
-29545,
-18680,
27542,
21756,
12035,
-3547,
10103,
19904,
24687,
22381,
26215,
-5256,
-19325,
-6775,
-12531,
31291,
3990,
-31468,
18590,
-16628,
30811,
-13148,
29469,
4205,
4421,
951,
30766,
5179,
-24780,
-26583,
-12459,
-22764,
-7621,
-1632,
29497,
-4015,
-20042,
-21499,
-16406,
-24230,
-16910,
21968,
11987,
1714,
9726,
-29093,
-25412,
-22520,
7192,
14306,
10503,
-10098,
15958,
24527,
-23558,
-11543,
23207,
26457,
17219,
20437,
25141,
25790,
-4133,
31492,
-25616,
-11675,
-11773,
-32509,
-6873,
-28190,
26042,
20301,
17066,
-3886,
-4109,
-22187,
8873,
-12234,
-17964,
-13347,
14956,
-15572,
13581,
-19984,
-31625,
-28746,
-1395,
28845,
-26171,
-22871,
22555,
-520,
-23794,
18057,
-17023,
4114,
11487,
-20707,
-22876,
-10515,
-21003,
-27878,
-7347,
27564,
17520,
-32039,
-26035,
-26669,
20956,
-30488,
21660,
-11586,
6313,
-11267,
-13560,
-23604,
31799,
30515,
-11436,
2298,
-19720,
-20887,
-7580,
-23236,
-24997,
-26082,
-19430,
11031,
2360,
28984,
22022,
17334,
-22970,
12868,
-10961,
-4701,
-4285,
0,
4885,
-12985,
-5497,
17590,
557,
-11064,
7116,
-7473,
-28200,
24539,
-18693,
-23344,
24252,
-419,
7291,
-15191,
2047,
3244,
-17271,
-28926,
23244,
15594,
20397,
-20851,
-346,
-123,
-11964,
5901,
21753,
-24546,
24246,
-5944,
-20402,
-178,
12673,
14889,
26667,
-7580,
-32222,
-7064,
27776,
-29647,
-25249,
26266,
-6004,
-23437,
13258,
14275,
-7408,
26661,
-693,
-7572,
-12148,
-27889,
22941,
-1391,
1770,
15083,
-11507,
18520,
3913,
30994,
-4828,
-7156,
-13602,
20640,
23763,
-9856,
-21421,
-7211,
24301,
-28207,
-24713,
29377,
19210,
-13437,
-17590,
29991,
32738,
4033,
15997,
-13750,
-20779,
-12161,
-13917,
7409,
-10833,
10503,
1278,
-11612,
18698,
23616,
-3059,
-14610,
4301,
-24727,
20225,
-4591,
12370,
15979,
8797,
6038,
-3589,
14432,
-1881,
-11915,
-25687,
18283,
29619,
24823,
14518,
-1795,
-4344,
-24137,
-14980,
-21805,
-16988,
-30977,
-19048,
6610,
17654,
19013,
-24173,
-18146,
12628,
-2613,
-4382,
5528,
-9745,
-861,
26930,
5327,
-5265,
10896,
-29293,
9532,
-25958,
22515,
8128,
15381,
-27846,
15507,
-25230,
706,
-8239,
32767,
-15645,
5494,
1875,
25930,
-27563,
22374,
-22866,
-13624,
20951,
-10958,
8261,
-1772,
-8503,
9202,
16394,
-19434,
-28211,
7037,
-9919,
21593,
-31548,
-18881,
8918,
29424,
-10500,
3601,
-30461,
2410,
-5138,
3163,
24120,
13493,
3368,
-29844,
-24418,
11987,
-27605,
6073,
-10673,
29927,
-17547,
-19207,
-5866,
11544,
-3381,
-9155,
19330,
-5947,
-15539,
18965,
-23358,
25850,
-5823,
8013,
12164,
3450,
30064,
14828,
-12354,
27467,
-31319,
-25449,
-15836,
-13602,
26611,
-14531,
20494,
15909,
24238,
23074,
-21009,
15260,
-7659,
2353,
318,
21144,
4885,
27332,
-20747,
19854,
-31937,
3304,
-30380,
-9941,
-30860,
28904,
5006,
18439,
-18721,
20270,
-10523,
-24685,
-27695,
18318,
-22183,
8042,
26137,
-15656,
-19562,
-25570,
-1643,
21585,
-27989,
18888,
-7427,
2060,
8877,
-16596,
-13330,
3716,
15139,
28822,
22662,
1861,
-24979,
343,
18758,
2824,
7056,
27430,
-4750,
8034,
-20314,
2952,
-22130,
26191,
-28314,
-24520,
11261,
5613,
29008,
-19872,
26413,
13003,
-30039,
23733,
4057,
-18692,
-13634,
19597,
-20942,
-19169,
-32528,
-29840,
7861,
7674,
18679,
28604,
32353,
22264,
-31108,
2571,
-21000,
16212,
15680,
1897,
-4187,
1819,
-22584,
-23337,
8682,
-11556,
28799,
-8022,
6410,
-14976,
-18209,
28579,
-12631,
-19407,
-18139,
-23333,
12638,
-30245,
-27724,
13489,
-29267,
-1136,
-12299,
15933,
11207,
12953,
26739,
-2440,
7133,
19341,
-19884,
-31694,
21541,
13322,
-25720,
13195,
-17984,
20247,
-32204,
32191,
-7095,
-12026,
-22867,
10896,
13593,
-31907,
18440,
23795,
4356,
-19151,
-23137,
-26455,
12629,
-6051,
-715,
-2915,
25681,
-2496,
7075,
-11121,
18624,
-24760,
-14319,
-11507,
7674,
21858,
5190,
-28214,
-5918,
-5360,
20107,
-16201,
-10265,
-31799,
-19023,
1527,
26053,
12336,
7582,
13962,
9799,
6535,
-23066,
1310,
-25948,
23909,
-20233,
-13138,
30353,
-26964,
-31214,
-19066,
-26068,
29643,
-10306,
-1088,
-15659,
6869,
-12764,
24493,
-25760,
-16227,
7333,
13554,
-26116,
-9485,
-12066,
17694,
-16347,
25349,
-1343,
-28946,
-8784,
-32583,
-18068,
-17435,
-4573,
-3809,
28490,
4475,
-10911,
18552,
-19529,
19625,
-13142,
29740,
-20025,
20556,
21093,
278,
22003,
12485,
9422,
19193,
16474,
-11120,
-30940,
4568,
-6838,
-30702,
8249,
9645,
21630,
18922,
20543,
-22604,
3078,
30186,
-2416,
6820,
26012,
26184,
-465,
12028,
-25569,
14830,
-12702,
17193,
-3554,
3494,
-28228,
-15403,
-10507,
18393,
-30919,
31910,
-22737,
-9461,
-18109,
21685,
14907,
29520,
-8764,
-25968,
-9672,
12705,
17005,
-20150,
-18899,
-31572,
-30627,
-4960,
-22450,
1937,
27333,
-2968,
1590,
19831,
-14865,
-20689,
-6954,
27307,
19809,
27045,
-4623,
27742,
-5939,
-5601,
-22834,
-7154,
4910,
-957,
-26436,
-18923,
-7093,
24539,
10257,
-4206,
31118,
-5407,
-15493,
-13060,
2403,
-23487,
7511,
16659,
26629,
10033,
-16227,
20804,
-5441,
-7868,
10675,
-9946,
16973,
-24505,
-16513,
-3409,
-181,
20433,
-22180,
27710,
22975,
-22910,
-27220,
-16309,
11247,
-13527,
3822,
-6791,
-10673,
-8305,
341,
-11803,
11944,
-7064,
-12366,
-5627,
-25657,
25133,
24092,
23026,
-9809,
19623,
18073,
-28742,
8973,
19418,
8158,
26888,
-1378,
-5251,
4193,
280,
15060,
3825,
25598,
30217,
-24306,
29109,
-10241,
-27234,
19120,
-29305,
11204,
-27814,
-4015,
27098,
25788,
-21664,
-6792,
9074,
23791,
20315,
985,
6968,
-5653,
-17021,
-14170,
-30838,
-5670,
-18714,
-31218,
8898,
-13228,
11654,
-5110,
10207,
-13391,
18069,
-23905,
-12381,
-3853,
32261,
-18589,
-11501,
-13309,
-17359,
21619,
-22007,
-24319,
-24489,
23155,
-8171,
-6988,
31959,
2829,
-9944,
-4000,
-22439,
-4316,
15308,
-20249,
15987,
-26274,
20602,
-24423,
-17824,
-20935,
-5427,
13138,
27109,
24263,
29203,
4086,
12674,
29634,
23561,
-28591,
4166,
-21147,
31247,
204,
3022,
-427,
17132,
909,
30156,
-8874,
-15908,
12082,
-26552,
-1055,
443,
-3117,
22753,
-30443,
13733,
-8128,
30996,
-10037,
-9959,
9512,
-8300,
17350,
-9940,
8134,
-30340,
-31267,
-13571,
4495,
-28470,
30247,
25561,
-30910,
32510,
14746,
-21055,
27750,
28699,
-2166,
-12387,
-31385,
-2168,
19533,
-17426,
13110,
11175,
5851,
-24308,
30536,
-26462,
-24261,
13965,
27130,
-5533,
-6817,
1689,
-2295,
7253,
5209,
-283,
-4774,
628,
26870,
-9065,
32112,
26570,
-14702,
-25680,
30732,
6280,
-15327,
-6678,
6961,
5134,
29974,
15749,
-25226,
29583,
-21004,
9530,
-23153,
-27092,
-14508,
-3136,
27193,
10145,
-25566,
20849,
23898,
27972,
25651,
-3149,
-22535,
19532,
-5218,
-9447,
-28474,
65,
-4334,
3674,
-21208,
-2686,
24411,
18966,
-3465,
8406,
17734,
-15550,
8238,
27018,
-23412,
-1460,
25458,
29428,
-1424,
8609,
25481,
-9673,
-32737,
23348,
-28948,
-5851,
-8954,
-22926,
4769,
-18867,
-29910,
-9049,
-15911,
-31052,
2023,
20362,
-784,
-23074,
7965,
-10200,
446,
17950,
12218,
-21725,
-12139,
-1792,
16480,
19385,
-21626,
19708,
23329,
6276,
-2366,
11120,
20967,
18194,
-28510,
-16464,
7616,
-27905,
483,
-28125,
18077,
18653,
10398,
4567,
2397,
19048,
-27428,
12706,
-32761,
-10712,
-19209,
24028,
-7322,
-3300,
-21792,
-24893,
-18025,
-25012,
-9436,
-2003,
-5448,
10533,
-26134,
-20558,
-13645,
14307,
-15134,
6102,
-28880,
27942,
-11503,
28983,
29624,
26107,
-20429,
29169,
28757,
15659,
-17479,
-10096,
13844,
-18662,
-8586,
29402,
2929,
-3923,
-28255,
15269,
14663,
-7794,
4106,
25154,
1767,
11503,
8429,
11777,
32608,
-7180,
14002,
-16037,
-29559,
13393,
1506,
22826,
-19046,
3606,
31572,
2143,
-3853,
12210,
16328,
-11778,
3189,
-27493,
5502,
-22838,
27212,
7497,
5091,
-10225,
-18950,
-21433,
-18192,
-16969,
32115,
6064,
13590,
-16144,
-31418,
-7528,
-32244,
26300,
-3865,
-14670,
-9233,
5701,
7260,
3949,
7341,
2537,
19795,
-15346,
23284,
-29315,
-11672,
-15844,
29681,
22630,
-29241,
28178,
3097,
17904,
-560,
-4762,
-6962,
1870,
14240,
-18960,
15911,
31290,
-21757,
-4182,
14658,
24017,
24767,
6700,
10980,
13230,
-15204,
6817,
28126,
30960,
3697,
13404,
-25497,
-8786,
29922,
11956,
26835,
16823,
24247,
26870,
-1843,
-3754,
-17707,
-28876,
3881,
29913,
-21931,
-1146,
15393,
-3981,
3622,
-26009,
28676,
-7942,
29099,
-21799,
-23231,
26874,
32324,
13724,
-21317,
13756,
5286,
29850,
-29950,
27526,
-5262,
-30367,
-833,
25441,
5364,
-1864,
-2979,
-12229,
-22331,
12344,
13637,
6131,
1800,
2176,
31502,
27365,
2397,
11706,
30024,
729,
-21701,
26228,
-15747,
-24866,
15762,
31638,
-21664,
-27843,
22035,
3580,
3682,
28427,
32700,
-28042,
27642,
15360,
8826,
18346,
31817,
25738,
28859,
-25707,
6485,
3916,
-12189,
20504,
-18601,
-1205,
8965,
-7389,
21369,
26122,
13046,
19038,
14044,
27523,
25566,
-29903,
-21460,
18432,
18081,
14052,
31139,
-28746,
15548,
26415,
-6685,
-14118,
-10156,
1154,
2434,
-20399,
-32467,
-17976,
1968,
3295,
-8697,
16377,
-22696,
15450,
-842,
-31960,
-8418,
-24176,
7921,
-13543,
9793,
-23961,
-30428,
-10413,
-28175,
26759,
18853,
6553,
-6566,
-4877,
19858,
10546,
-25722,
16981,
13035,
16484,
28016,
2286,
-1673,
2032,
-15604,
19475,
11208,
-27130,
8574,
-19865,
-8701,
-4863,
29853,
-22541,
-12569,
21650,
22566,
5524,
-30693,
16406,
3014,
18350,
-12051,
-31235,
21951,
-4276,
13123,
-16409,
-19576,
-32025,
-23475,
-32368,
22554,
19937,
14611,
18132,
4351,
21160,
-22051,
25716,
-11254,
613,
29574,
-22025,
25274,
-17607,
3189,
15467,
-28708,
11168,
-19671,
24716,
17370,
23866,
17059,
13621,
12358,
-28790,
-30383,
32452,
-11407,
-24759,
-32408,
10853,
-4884,
-9787,
-19942,
26936,
8765,
-22401,
-31069,
24499,
24209,
25209,
-7752,
11992,
-3993,
-25588,
27253,
16052,
-22987,
-14908,
-14565,
9257,
-15267,
-20203,
4292,
31390,
17891,
12235,
-11848,
-8953,
-27346,
-10330,
-28802,
-13248,
20601,
19467,
-10238,
-30886,
13541,
28211,
48,
2035,
4413,
-24578,
13462,
20952,
-10142,
-14516,
1362,
-6772,
-6204,
21974,
28853,
13100,
-21504,
5741,
12955,
-8919,
-15229,
10413,
-17254,
17299,
15495,
4262,
-14731,
-27552,
10399,
-6112,
-30035,
10686,
-19057,
21642,
10123,
28503,
-14691,
10390,
30553,
17994,
-11924,
-29995,
23220,
-21427,
-16684,
4904,
7355,
-11201,
-7147,
22787,
12130,
-5475,
-30953,
16019,
-32052,
-7067,
-2522,
-31106,
25397,
7286,
-18972,
21362,
-20077,
8327,
-15977,
25330,
-13456,
-8047,
8385,
-29444,
-23753,
27697,
12968,
7087,
8164,
-11866,
855,
-11366,
-7568,
-30283,
14966,
31101,
-29463,
14056,
31039,
-12928,
14072,
26225,
278,
-15917,
-1152,
-29002,
-13956,
2796,
-18766,
-596,
12499,
-19373,
5299,
-14322,
10785,
22862,
-16344,
21701,
11954,
-8540,
-29741,
7144,
-28441,
-15068,
7561,
13908,
24923,
21557,
22925,
24833,
17972,
27424,
27447,
21496,
-3797,
9389,
24778,
-24822,
5979,
-32621,
32421,
-25133,
-29192,
-5145,
-29515,
14883,
-29848,
12149,
-22351,
-22726,
27145,
-6662,
-9705,
-26643,
25542,
-17592,
32062,
29642,
8468,
-9526,
30024,
-11164,
12032,
-17980,
8014,
21418,
22234,
-7380,
12491,
13366,
16933,
-23085,
-712,
-19072,
-748,
-9282,
-29942,
15994,
-11120,
14782,
-29098,
-30624,
-10549,
11756,
-5436,
-24164,
-3877,
6537,
-31064,
30556,
25337,
-20185,
-8400,
-32055,
-15563,
-26937,
2638,
22587,
23799,
-22013,
-9128,
-3351,
-13437,
-18787,
5435,
-28515,
19808,
28221,
26084,
3102,
19916,
-26705,
25166,
-21659,
2838,
-32718,
-8613,
-16201,
-2512,
-20325,
26385,
-9476,
-22160,
15827,
29497,
-6167,
17845,
22020,
-16587,
13966,
4132,
-13201,
-12519,
20582,
-26046,
-7965,
2169,
-32270,
27690,
9247,
29021,
-6537,
-11266,
-5911,
2861,
28043,
-13867,
30317,
26476,
-11883,
30098,
15021,
21857,
20626,
-18384,
19498,
17440,
-14203,
16200,
-13010,
8167,
28016,
-2265,
17871,
3404,
4145,
-31647,
28620,
27271,
27402,
-15293,
-25303,
-25570,
-13442,
29116,
-17927,
-29096,
32626,
-29959,
-19574,
28392,
17656,
8117,
22950,
28427,
-31345,
25436,
18759,
-9615,
-16353,
7194,
28203,
12479,
-12342,
29380,
-18619,
-10791,
1154,
-26600,
-10840,
3275,
-31658,
5003,
-12158,
12735,
14577,
-24985,
21417,
-14580,
-20577,
17012,
22330,
12637,
-14458,
-9734,
-5120,
15299,
-27109,
13857,
-355,
6826,
-12373,
-24454,
-18741,
4533,
-27499,
16121,
-23617,
-7290,
26206,
-9747,
3079,
-18810,
15273,
21274,
7410,
-17129,
3837,
7872,
-1395,
14097,
21788,
-29320,
25596,
10127,
21742,
-7619,
-24595,
22505,
-5758,
25328,
29002,
24492,
-6017,
-28421,
29074,
-13746,
-13822,
15130,
-5084,
30860,
-20251,
-28473,
3863,
20398,
-24107,
-9658,
-27042,
22028,
-12221,
-13232,
22118,
-1151,
-16423,
-31190,
2896,
-8615,
27082,
5426,
16696,
-3178,
-18436,
11688,
-20561,
31146,
-16114,
7280,
-12036,
-22171,
30115,
31204,
9121,
-14781,
-26054,
23021,
24908,
8862,
-32130,
-22998,
-21697,
20975,
-2423,
-2325,
26973,
-14987,
23622,
-16241,
14780,
26169,
-26912,
24672,
-23540,
31855,
-23779,
-22771,
20532,
18749,
3546,
17334,
19373,
-21792,
12191,
30431,
-11994,
-27136,
20529,
6712,
5939,
16320,
-16586,
7733,
26363,
3,
31399,
22426,
-15526,
-707,
2718,
-28580,
18517,
6431,
-20541,
9394,
-7687,
18614,
16670,
26981,
-26862,
-13952,
-28596,
25502,
-13329,
5503,
-32567,
17668,
18256,
-31041,
-19451,
-23554,
-8446,
-5937,
26770,
2545,
2419,
23269,
26490,
-18241,
2365,
-12347,
-11665,
12525,
-2677,
-14831,
30200,
21587,
-9150,
1463,
-19,
23,
-26599,
15746,
-3800,
15348,
15848,
-8154,
-14861,
30782,
-1728,
-22687,
9745,
13465,
20113,
6959,
-22335,
21491,
-16260,
-10518,
-8656,
24013,
27105,
10923,
-8717,
19037,
6080,
31096,
6331,
19660,
-1689,
28706,
-31062,
-209,
-16537,
-892,
10516,
30445,
-21213,
6977,
27766,
-20779,
-23981,
-14821,
28948,
-2599,
-1981,
-19571,
26876,
27049,
14258,
-1424,
60,
-20457,
7085,
-26424,
3654,
-7678,
-13535,
10771,
-4936,
-29712,
26571,
10219,
-35,
31896,
22377,
26331,
-11917,
16985,
5437,
-26804,
-32409,
-4530,
10848,
-28854,
10802,
-32331,
31216,
-4122,
-6571,
6147,
25954,
-26826,
-17330,
-12921,
22787,
-1246,
-11383,
13561,
-18374,
-31713,
15231,
-24109,
18366,
5032,
-18761,
-27171,
24519,
-27773,
4753,
10940,
5827,
16332,
1102,
-17932,
8400,
29836,
-2074,
-16031,
-7866,
-30549,
11421,
-28570,
4854,
9679,
31867,
28296,
23259,
-17268,
30457,
1322,
32194,
-4752,
-18496,
-5614,
10881,
15729,
-6617,
-14082,
20448,
16785,
-5905,
5320,
-12389,
-31392,
3151,
-17527,
-10999,
18733,
-1931,
6685,
11452,
-12758,
-32199,
32487,
20074,
23450,
21156,
-27592,
-13231,
-21638,
4839,
32218,
-3491,
-988,
32152,
-7066,
-12465,
22695,
18032,
-21369,
5118,
28557,
7376,
-22206,
21884,
-4708,
18099,
25432,
20681,
-19463,
1254,
-20380,
-13774,
-25446,
-14069,
22627,
11379,
16396,
30155,
22740,
-2570,
-10981,
-17063,
-891,
4778,
-9284,
20247,
-22727,
-11154,
15036,
31921,
2184,
-23691,
14804,
-22014,
3536,
14564,
12493,
7620,
16230,
31050,
-1715,
-29526,
26267,
-23885,
-23058,
-4388,
24989,
31451,
-21489,
-23676,
-11138,
-21494,
-13928,
31147,
-27774,
11698,
-25286,
-8988,
-10112,
-16781,
21792,
-22142,
16368,
2116,
28126,
5480,
-28283,
11550,
-2085,
25008,
32203,
9351,
-27878,
13028,
10548,
32269,
1215,
8149,
-18101,
11179,
21283,
15071,
28335,
-14466,
7376,
31553,
27557,
7793,
-7230,
13963,
5768,
29395,
30681,
-31736,
-16802,
18184,
31766,
-8998,
5968,
-13046,
16245,
-19715,
6401,
-11656,
-20120,
29352,
20594,
20572,
18338,
14801,
-17278,
23349,
28522,
22797,
26652,
8453,
29207,
-2676,
-19836,
-4363,
32102,
8719,
10510,
8137,
16681,
9499,
24391,
6867,
11341,
4844,
-18171,
6777,
-15192,
620,
-3871,
-2710,
11927,
30741,
18718,
4450,
-3488,
-8609,
8154,
32279,
23723,
-3007,
-24396,
14694,
18627,
-25917,
27382,
16483,
24697,
-760,
-14636,
-6751,
-10175,
-27443,
-26861,
8582,
-12704,
18528,
16050,
18368,
4511,
-15837,
29053,
9063,
-9361,
2699,
-2277,
-8961,
-23715,
-19649,
-3908,
-16827,
-16219,
4872,
22065,
-11346,
3194,
-30067,
-30882,
2979,
-2239,
27377,
14651,
-8733,
-26174,
-21710,
-17134,
7885,
-11126,
12614,
20534,
26539,
28469,
-14526,
30306,
16919,
27949,
-28159,
20757,
-5989,
-2742,
-23212,
30487,
24114,
-12704,
8372,
27523,
-3787,
4319,
20753,
-8193,
-7571,
-9440,
-24119,
-7376,
-15912,
17443,
-28161,
30476,
-15568,
22188,
24075,
-26122,
28728,
-11330,
-219,
-32565,
-15301,
9565,
5324,
30489,
9178,
9096,
-15214,
-206,
-18494,
31779,
-7960,
-28286,
21056,
5684,
8986,
-21405,
-10446,
18337,
-1597,
-28233,
6600,
18231,
16194,
11575,
-4801,
-14550,
11318,
17732,
-11766,
-9261,
6521,
-1031,
-17566,
561,
4823,
-4068,
4718,
-31266,
-21543,
23941,
-18907,
-23900,
26493,
-14499,
28121,
32151,
3130,
-21450,
12640,
-25754,
-10554,
14278,
27985,
25083,
-8147,
11220,
20353,
14316,
-27355,
-25555,
-26478,
-12894,
6997,
-32024,
27860,
-24764,
-3211,
13712,
6623,
31384,
-11662,
6384,
22169,
-97,
6649,
-26345,
26845,
-13025,
-21195,
16772,
11873,
-17287,
21522,
-21992,
-2276,
25532,
29313,
-4371,
22549,
-31763,
11312,
28699,
-9503,
17829,
21716,
-30736,
29971,
-22524,
-14179,
7458,
7735,
23179,
10780,
10155,
-27003,
23015,
19555,
8072,
-2534,
27205,
157,
9170,
20124,
12816,
13669,
-27966,
-10594,
7948,
25338,
-27629,
-14424,
31533,
16799,
17609,
-14462,
-2153,
18384,
12522,
-14398,
-28944,
-2129,
-11741,
31749,
16355,
-465,
-30986,
-4233,
-2546,
12423,
-10745,
-8623,
32069,
-32315,
-25604,
14625,
6598,
12750,
-14849,
-28023,
-26450,
-31540,
-8880,
-8445,
27596,
-25550,
-10509,
-16149,
16073,
-584,
14955,
30531,
25735,
-21643,
15151,
-5830,
-20150,
-17637,
-1737,
-9719,
3520,
9084,
-32613,
12697,
-25589,
24835,
15544,
27027,
11945,
-14827,
30263,
-6067,
-23178,
5933,
-30020,
-14784,
-17266,
14093,
-13873,
-20,
15444,
16413,
5134,
-9861,
-19694,
8348,
-29060,
-20882,
-5669,
-13839,
-9005,
4107,
-14298,
23479,
-10150,
-15068,
-8697,
6862,
-12500,
-8916,
-8360,
3912,
-17576,
-32361,
26366,
-22876,
-29617,
22086,
-31839,
-16069,
22211,