-663,
14866,
-12584,
31009,
7637,
-32634,
13397,
-23789,
-8339,
-15851,
-4328,
-31147,
-14560,
5666,
-26877,
1796,
26203,
10061,
-20051,
13258,
-18213,
20738,
-30610,
11178,
25473,
-24713,
-12148,
17159,
-27439,
11662,
367,
-14653,
922,
5344,
-14851,
-12722,
24578,
-6844,
22169,
-32686,
32595,
-3060,
27135,
-3995,
-32486,
-939,
-19557,
22054,
-25336,
15598,
-24271,
19233,
18803,
-24535,
-18092,
-22248,
21209,
13060,
-20154,
-19066,
28239,
27917,
-20088,
32553,
-25096,
23681,
3107,
-10287,
17227,
11043,
14461,
18620,
24102,
32040,
19506,
27963,
-3478,
-3050,
-22608,
-19076,
-11523,
-22174,
-4293,
10955,
11894,
25008,
20628,
-15970,
30905,
-24805,
19970,
6097,
16557,
-5890,
-17911,
-214,
1991,
-10929,
-5975,
4018,
-15514,
-9099,
-15132,
14441,
15965,
-4489,
6494,
26984,
-11429,
372,
413,
25403,
-25173,
-25846,
19056,
16921,
14215,
30773,
-27535,
22314,
17452,
23085,
-13142,
-26529,
-1862,
16133,
25925,
-30705,
-14129,
-9386,
8752,
5639,
-19568,
5318,
19807,
-9073,
14766,
-1859,
-1939,
-19195,
1432,
-24540,
-2524,
-9157,
12851,
-22258,
15357,
-6235,
-14911,
-3322,
-15251,
7514,
-1636,
-27225,
-4206,
27861,
19641,
-3632,
26760,
20889,
-5448,
-26131,
4225,
10904,
22805,
15630,
-3,
7245,
-11175,
9560,
30070,
-29242,
-25932,
14801,
-7571,
-8673,
16814,
19288,
-12302,
-24391,
20012,
-3265,
-5293,
-8907,
-17566,
20036,
-16923,
19735,
29213,
31748,
24146,
28439,
19045,
31692,
-30675,
-7891,
-7458,
-22140,
-20268,
-19616,
-1031,
-17505,
27770,
16821,
27416,
-24413,
-3531,
11447,
16805,
-9390,
28259,
2957,
6931,
-30762,
23397,
14455,
25018,
-2865,
-16024,
25494,
16876,
-6891,
746,
12477,
-10773,
543,
-25025,
-7788,
-32124,
15529,
22663,
-13286,
20861,
26248,
12277,
29045,
20182,
1047,
29399,
-15793,
-10313,
15017,
2920,
-7748,
-17909,
7655,
-22624,
-24861,
-26984,
17098,
23970,
20407,
-12890,
3461,
-26220,
551,
-7647,
-15144,
752,
-22615,
-2740,
22159,
-8576,
-1993,
27722,
16668,
17400,
6051,
-29538,
-19601,
32551,
15698,
-6581,
27764,
15915,
8635,
-28487,
-12773,
-26953,
27726,
-19944,
-8468,
401,
-1491,
27330,
19549,
-11716,
-31166,
-32167,
-13975,
-29871,
-29896,
-28742,
23544,
-3719,
3815,
-11343,
-6442,
2134,
-19648,
18330,
21343,
-8987,
-2661,
-22473,
15125,
-22192,
-32442,
-7783,
-25725,
-3652,
-22636,
11105,
1229,
-25461,
2353,
-25011,
20873,
18961,
-27477,
-32272,
12275,
2851,
15704,
-27092,
-4959,
7812,
-11741,
-15713,
672,
26670,
7362,
26746,
-30000,
7569,
-27909,
16833,
-1478,
8893,
26460,
-15516,
-8292,
13677,
28784,
15507,
584,
-12476,
28787,
-617,
18818,
-3397,
-1089,
-7743,
10967,
11985,
-14640,
-4772,
-163,
-753,
-29501,
5381,
10424,
-14980,
17377,
1428,
-28898,
-24395,
25324,
31057,
11450,
21036,
1258,
-11552,
10113,
-18595,
27001,
-30380,
-8979,
3364,
-14203,
2945,
23387,
6262,
-3153,
4033,
-20244,
6639,
-15448,
-14847,
-8129,
-25946,
-18581,
-22380,
27966,
-25042,
-6631,
-32549,
19573,
-24733,
-32536,
365,
22656,
1971,
-2432,
16792,
-1750,
-15459,
-1102,
-28656,
-14386,
12578,
12745,
25041,
27238,
21834,
26115,
-18268,
25947,
-26353,
13129,
19490,
-23564,
2959,
-19868,
5240,
-18062,
-12417,
5393,
-30079,
511,
10016,
-14627,
-6233,
24012,
24136,
8617,
-32489,
18632,
29355,
15365,
5541,
-31194,
16984,
32164,
-15161,
-8178,
-4500,
-19957,
407,
16288,
-13328,
-19772,
-6650,
-3083,
20289,
4549,
-2464,
-25431,
-18748,
29073,
-6194,
-29856,
20403,
223,
-3547,
-21145,
572,
22365,
-8863,
18634,
20404,
1503,
32509,
27075,
7905,
26829,
6625,
-12514,
16542,
-30735,
28969,
-14158,
22791,
28885,
24005,
-24127,
6297,
-2543,
-7950,
23134,
25652,
32065,
23350,
31849,
-1575,
8282,
-16972,
-32347,
-24003,
-25076,
-26539,
-18939,
24982,
-24885,
-20558,
-29401,
17676,
29006,
-2718,
-10045,
-11607,
13234,
18977,
-14635,
32748,
-22081,
-1576,
5811,
-1087,
-21346,
12716,
-22132,
-19415,
-16300,
-17700,
23395,
-25110,
9518,
-28561,
-10460,
30859,
12940,
2762,
-12662,
23223,
-14569,
-15816,
-17730,
-29095,
11756,
16077,
-466,
19631,
11935,
32028,
29838,
10974,
-30221,
29630,
-29317,
-29409,
-25414,
-4704,
-5737,
27074,
-1938,
17420,
15016,
-11087,
29679,
27706,
-8550,
-3835,
28624,
-1850,
31471,
-6010,
-9079,
-27732,
-21503,
-17380,
5341,
7358,
27189,
-24477,
23820,
20313,
-26392,
17629,
-27819,
-15701,
-10586,
23868,
-25126,
1123,
10852,
3806,
15250,
-29015,
-15721,
5731,
-18872,
18212,
-17188,
-23615,
28453,
-1771,
9161,
7664,
3904,
-1362,
-8334,
-8852,
-19153,
-6114,
-25036,
-7382,
22229,
18556,
23415,
14168,
12332,
25939,
-13591,
-9335,
26526,
2939,
13423,
24561,
-30060,
29181,
-22191,
1156,
25677,
31880,
7241,
14753,
-16390,
17363,
23576,
6271,
890,
20037,
-28379,
-17323,
11421,
-15856,
4717,
20212,
-16387,
3768,
-12949,
2561,
25920,
16727,
-21908,
27971,
11198,
7693,
-24917,
23035,
25853,
11531,
-1390,
4792,
27237,
-30323,
12020,
23111,
30483,
-26189,
24290,
-614,
-4527,
-12053,
8013,
-26874,
-6419,
15877,
25088,
3149,
-7319,
7497,
29254,
28601,
16665,
18459,
-10775,
10508,
27995,
19192,
-16682,
-2411,
10218,
-25516,
-13969,
-2071,
14123,
26347,
-457,
-23598,
-13831,
16653,
7450,
30077,
-8166,
13126,
14746,
6681,
-31557,
16744,
17832,
11571,
32483,
-31758,
-2449,
30634,
-29501,
23246,
-12991,
8764,
28602,
18253,
-1857,
-22420,
-26077,
-3691,
31743,
-3856,
-5291,
-22005,
30720,
-32423,
-18551,
931,
9139,
13801,
3083,
10571,
-9564,
32728,
-32021,
-23435,
9958,
15437,
-29132,
-20794,
10965,
27468,
-26970,
14352,
-5247,
9670,
-29800,
11490,
-25368,
-32371,
16671,
-2994,
17942,
7046,
-580,
20511,
30597,
-31475,
14474,
-20524,
-12140,
547,
-20277,
-4301,
16357,
-26088,
10446,
32134,
12378,
-20195,
27061,
-2652,
14611,
30355,
7480,
14764,
73,
-18546,
-2558,
-20705,
-6040,
20322,
-18554,
-32642,
2206,
15049,
-28034,
-28038,
-24952,
-18322,
-20613,
-23180,
24389,
9031,
-26701,
-10259,
-12272,
-13786,
-14616,
8488,
29658,
-28002,
-28802,
-13665,
-20470,
-1518,
23888,
32695,
11414,
27631,
-27267,
-1217,
1588,
-28407,
22197,
20024,
26409,
31436,
27143,
-1159,
-4930,
14946,
-16433,
32646,
-20572,
-30568,
5488,
-15278,
30687,
11886,
-4329,
26585,
13089,
-9201,
-23315,
-17031,
12403,
2695,
7222,
17739,
23872,
882,
-5569,
10909,
27363,
874,
26341,
-6921,
27231,
-27490,
22300,
-24842,
9966,
-12033,
11265,
28936,
-22334,
-29731,
4371,
-28097,
-350,
-18280,
27495,
27007,
30038,
32053,
30319,
-9048,
4964,
-3181,
4785,
1329,
-8838,
12938,
-8435,
9211,
8695,
8021,
-24041,
-31621,
17455,
17855,
-30409,
23575,
-475,
-24687,
-32690,
-28506,
18140,
-29359,
-31055,
28070,
24905,
13537,
-26339,
-20311,
12096,
-26296,
546,
-30547,
-31952,
1662,
9020,
5668,
-17091,
23382,
-28204,
-29696,
-891,
-15555,
6944,
8523,
2340,
21222,
20277,
21588,
-1509,
-2426,
-5611,
-16058,
17034,
-16843,
8234,
9200,
25297,
-3705,
-21730,
15354,
-10645,
-17514,
-2284,
-13681,
21086,
-13046,
1605,
17548,
-16303,
12055,
-10219,
23563,
27433,
4715,
-14903,
17697,
14541,
-19810,
-26398,
18503,
18672,
22104,
-9630,
5574,
31778,
13327,
365,
27973,
-21045,
11968,
-11346,
19789,
9263,
16647,
-3813,
13555,
-10811,
14534,
-376,
-9888,
25548,
-20824,
13784,
-22490,
-5161,
7620,
19449,
-17712,
-19141,
-31163,
-18265,
12423,
-23126,
13345,
13257,
-32359,
29683,
19048,
22544,
5324,
5376,
-31897,
-31740,
-29073,
-22224,
-12905,
-32188,
-11060,
20855,
-2559,
-1857,
-31947,
-15839,
-7118,
21373,
23798,
28124,
3991,
-30280,
-31946,
-18573,
-26630,
-1171,
-4348,
32291,
6789,
7622,
-11473,
-18827,
-16436,
-14674,
-13056,
19480,
-23417,
-12906,
9389,
13919,
30746,
-21223,
-2635,
29240,
7268,
16965,
28582,
-6160,
-23335,
-4430,
29231,
-9417,
30840,
28763,
23644,
-9185,
29710,
31744,
-2218,
32678,
20338,
-22717,
10167,
20135,
29417,
-4529,
19729,
22378,
-11809,
1393,
-28462,
-3833,
25481,
-18310,
23774,
-11942,
-31336,
-3345,
4279,
1101,
29593,
-21345,
9906,
-30825,
16944,
26050,
-1506,
14632,
1177,
-31565,
-1686,
25435,
18243,
-2540,
-22366,
8753,
17981,
-27435,
-10253,
5147,
-20058,
-11708,
10596,
8197,
28130,
-21371,
-12909,
30026,
16553,
-26103,
4016,
26390,
7759,
-18018,
30827,
22275,
31900,
-14571,
-25143,
13708,
-27296,
-8226,
-15283,
14592,
26426,
-16550,
-31418,
-7034,
-31400,
25042,
-28265,
1757,
25257,
27362,
10917,
-49,
5170,
-28888,
4950,
-31127,
28537,
16529,
14985,
7036,
2566,
9945,
-23386,
21679,
21729,
14006,
6308,
-28323,
-21606,
25479,
25874,
4690,
27394,
-25356,
-30156,
-13907,
27841,
30106,
1756,
-13493,
11415,
18311,
24393,
-2426,
23205,
3001,
-21127,
-2080,
-25222,
-12912,
-2276,
-82,
-29924,
-26443,
-9065,
-26565,
31118,
-1641,
-3961,
13320,
4436,
-25941,
17505,
-12419,
857,
-3445,
39,
28851,
25437,
-27821,
-20477,
-763,
6002,
21300,
-13351,
-22670,
-8065,
10388,
6200,
4636,
-9862,
-10384,
-31040,
-12023,
-20754,
-15771,
10304,
-13794,
20136,
-30755,
-17374,
15836,
25508,
32717,
20887,
20484,
4067,
4167,
-4427,
4930,
-11961,
13011,
-7576,
3629,
-20046,
22347,
23731,
-19006,
25842,
30102,
26643,
22880,
20916,
6181,
9728,
-14814,
29869,
14678,
20401,
-28856,
6289,
-4852,
16736,
-18367,
15640,
-28548,
-23302,
28497,
10219,
9793,
-15521,
18236,
-12158,
11825,
-28084,
29180,
28030,
10476,
16955,
-18621,
-28390,
-29013,
30458,
-8068,
18819,
9208,
-30271,
14414,
15834,
-26175,
5038,
236,
-30645,
-29228,
-32121,
-5324,
14937,
-3643,
-11258,
-15327,
-11126,
-19343,
-30182,
12530,
-17523,
-2121,
7405,
-28147,
-8775,
-26173,
30610,
-9181,
23285,
9872,
12411,
12996,
-28488,
-1640,
31781,
32671,
31916,
19370,
17423,
830,
-19975,
-7607,
24649,
-25555,
11948,
-17347,
-2513,
-9314,
27265,
-16288,
-29460,
-25878,
29323,
14003,
12248,
-27256,
21005,
-13076,
2252,
6478,
-10160,
31635,
24958,
5449,
15939,
-25922,
-25476,
26354,
-7824,
30613,
-26092,
32455,
10770,
-16504,
-21157,
-15041,
-26606,
-2562,
-2988,
-28592,
12460,
16152,
18496,
-9540,
25875,
-1604,
309,
-15775,
-12262,
579,
-18059,
-1904,
3511,
4132,
1120,
-19808,
-22718,
-24002,
24264,
9119,
6004,
8748,
-14083,
-26943,
-5430,
-2177,
-27232,
12754,
25396,
25190,
23257,
-25791,
-2261,
16461,
-16337,
-20717,
3664,
21364,
-1979,
7047,
-18472,
18938,
32426,
-13773,
-6251,
24110,
12628,
15304,
15752,
-31982,
18233,
22155,
29963,
25541,
13315,
-30284,
-24753,
9140,
1329,
13994,
30709,
18765,
18473,
-14482,
-5559,
-13375,
-3896,
648,
-22482,
-16535,
28781,
-6728,
-32410,
9582,
14047,
27351,
12637,
5801,
26883,
-27099,
-11789,
-27713,
-24821,
-13402,
-9935,
-31236,
-7102,
-4657,
-20547,
-11632,
24495,
24039,
12349,
27050,
3724,
3595,
-16335,
12082,
3016,
23929,
-27121,
344,
17100,
28087,
-18569,
-6654,
-31511,
-19761,
19823,
14956,
-13750,
32311,
17089,
4156,
13669,
21599,
25173,
7673,
7369,
32291,
-2435,
-8284,
8610,
16908,
876,
24326,
22838,
-9793,
-2060,
1753,
-17350,
-5413,
-31658,
13729,
-8332,
10898,
-22723,
4281,
6331,
9708,
-18862,
-14265,
16001,
-1021,
-4769,
-299,
21645,
15438,
-20990,
-5567,
4175,
29332,
32763,
-5949,
27949,
-3828,
25942,
5475,
-19376,
-15425,
-16184,
15986,
31029,
19306,
-3585,
22786,
29152,
17626,
27999,
-27968,
27604,
25541,
-25151,
-15691,
-18941,
-9001,
17756,
-4599,
20772,
-9530,
8519,
-4554,
-12857,
27510,
2754,
8883,
-5985,
2568,
13058,
-19319,
-13757,
10477,
-6132,
686,
29523,
22260,
13556,
5425,
-20374,
16153,
-23200,
22322,
-6874,
-30572,
-27681,
-12345,
-21988,
-6614,
-28699,
24524,
31216,
6645,
-23937,
30797,
-15132,
-13011,
-3929,
-12160,
-10894,
26332,
-11673,
-27346,
4283,
1056,
12011,
4272,
-31836,
18231,
-27991,
-2375,
11369,
-7873,
-7088,
14893,
14408,
-9760,
-416,
28740,
32610,
17091,
-31578,
-5224,
27070,
30816,
-347,
25645,
15317,
6335,
-1930,
3319,
19137,
24134,
29475,
-19679,
-22234,
-19134,
6668,
-7580,
-12085,
153,
-2371,
-7207,
-3200,
-4674,
8659,
-14087,
-20525,
-17691,
-5655,
25388,
8286,
4548,
-30599,
24855,
21231,
23715,
28066,
-2893,
10331,
-2428,
25287,
18746,
12069,
-10701,
-23912,
-26721,
-22337,
-3894,
15485,
31747,
-30350,
23513,
216,
30031,
185,
-5395,
19084,
11358,
11482,
23189,
-3970,
-28528,
27087,
-23809,
19611,
-5855,
-7714,
-19697,
-19791,
-7438,
-30228,
-10595,
30925,
10633,
-1440,
-4570,
-29754,
22814,
30179,
-14601,
32139,
2236,
-12813,
28508,
-18661,
2424,
26121,
-19173,
-17795,
-12088,
2781,
25545,
28008,
31264,
20425,
26358,
-23639,
-18552,
25897,
17470,
4935,
-32379,
-15876,
-10692,
12284,
28689,
-13610,
-13765,
1450,
-28470,
-16617,
27995,
-9960,
9482,
-10908,
-21711,
10428,
-20067,
2846,
3523,
29429,
-31402,
3104,
-12233,
-8140,
-27522,
824,
-32481,
-6554,
-15546,
29250,
-1478,
-24640,
6461,
-28229,
22677,
-9277,
-5809,
-23221,
6823,
3571,
-22458,
20235,
-25776,
26737,
25698,
14491,
-13220,
29629,
13016,
-30853,
-16967,
-25368,
-5255,
-15543,
1896,
-32104,
12558,
-1810,
6578,
17575,
-30127,
-11918,
8721,
2135,
21895,
-18320,
-6403,
-1653,
9472,
4860,
-15917,
-8034,
20023,
-15336,
-6440,
20477,
24055,
-12336,
25501,
20657,
-8093,
17911,
-20229,
17607,
8556,
-26940,
27416,
1613,
-12784,
16055,
-8204,
31724,
29859,
-23962,
-31895,
27732,
26768,
29088,
1350,
28364,
-30967,
-31249,
-20555,
21335,
-6028,
-3643,
-3964,
28223,
8495,
-8925,
18269,
-25748,
6051,
-19169,
15488,
19537,
-4086,
-21229,
24739,
-1428,
-10918,
-18973,
1601,
8497,
20722,
22790,
23242,
-14967,
32713,
-17098,
-9277,
6048,
13187,
10854,
25079,
6501,
-1746,
6476,
3199,
30406,
11465,
10716,
3666,
2672,
19236,
-12037,
115,
16296,
30499,
7522,
-30634,
4539,
16557,
29328,
16466,
30439,
-26285,
-20623,
24608,
25775,
21626,
30526,
31666,
-28620,
-28603,
-21906,
28109,
-17907,
16385,
13721,
-1009,
-30140,
-2146,
-11033,
11169,
-28845,
5571,
25345,
-26721,
-1338,
-28480,
21766,
-4709,
10519,
6830,
-11717,
28705,
-10639,
7845,
-24196,
-26687,
32657,
-20199,
-25777,
-31993,
25516,
-5692,
1481,
469,
-6069,
22367,
778,
31366,
9908,
-31414,
-28114,
-4454,
25099,
-17479,
-19678,
-26701,
-11903,
-28748,
-15771,
10990,
2666,
-8458,
-28602,
-18073,
3120,
29011,
-22409,
-2606,
17200,
-3418,
19813,
-9455,
12293,
18940,
-28139,
12783,
10909,
693,
-15405,
-23033,
13308,
32608,
-27784,
-21074,
17606,
-28058,
7127,
19233,
21920,
-27554,
26702,
31195,
-24714,
-9196,
13137,
9024,
-657,
-31623,
17087,
-19457,
-28202,
26921,
19065,
-17354,
-3672,
-21175,
-15283,
5175,
-14585,
-11814,
-12511,
4720,
-12919,
17941,
4896,
-28987,
-8160,
-27899,
22599,
2704,
23069,
-18902,
13699,
-32687,
-6410,
11309,
-13161,
30834,
23529,
-5245,
16421,
-30096,
-3680,
31817,
-15493,
-9504,
-32757,
3126,
17219,
-17370,
26930,
-1851,
12930,
-23568,
2285,
32295,
24181,
-3963,
1181,
15630,
-19749,
-27262,
10236,
-13436,
16899,
30649,
-16767,
10152,
12329,
-30727,
13104,
25827,
12666,
-30228,
-1391,
26357,
-32373,
22003,
5894,
-24720,
11860,
-8269,
21957,
-29309,
30725,
18904,
30177,
-24507,
-1952,
-20072,
23944,
-7506,
-15332,
21334,
20721,
-851,
-12588,
-32302,
-16371,
-24540,
-746,
3807,
-9979,
-17758,
-18584,
16486,
-5348,
-17892,
-23507,
13871,
-18965,
30709,
3542,
15210,
6550,
2775,
29840,
6479,
21725,
-15365,
29700,
-18837,
-10986,
26097,
31396,
21975,
5521,
-26635,
8445,
289,
-10128,
-18010,
31000,
-29841,
-13367,
-29170,
32391,
-17327,
-21004,
4171,
-12571,
-22528,
-2389,
-9791,
-4923,
10688,
27653,
26890,
32351,
-21616,
-10877,
-24146,
30797,
16248,
-29877,
-2107,
-15096,
6959,
-26049,
27875,
1272,
2372,
17141,
-32758,
-3792,
7596,
1304,
25509,
32709,
27073,
9386,
-10946,
4372,
-24978,
-1663,
-7559,
-20600,
-7691,
23527,
-24756,
29892,
6324,
26996,
-28208,
9161,
-12188,
18108,
-27732,
-20428,
-13947,
-10238,
19628,
-13772,
24076,
7485,
-7310,
-17494,
18721,
-6132,
21200,
-12258,
24013,
-27716,
-22516,
13368,
20590,
26994,
28706,
17589,
-18675,
-3573,
-6019,
-16740,
-11070,
-27067,
8407,
17706,
131,
26685,
-14537,
22287,
-14493,
32168,
-19464,
19342,
6044,
-6844,
-3438,
-9214,
9407,
-2803,
-6085,
28596,
-26089,
14129,
26573,
21897,
3032,
-31626,
-13689,
-15903,
-15927,
23242,
-19616,
-24808,
11678,
-4862,
28812,
-9168,
-21412,
-8187,
17730,
3265,
-8233,
-23155,
-25274,
10066,
10367,
-12017,
-32345,
22068,
28656,
-7649,
-3487,
358,
-26698,
32344,
-5620,
-15452,
-27408,
-18578,
11260,
-21866,
6287,
18856,
-28361,
-18784,
19867,
29827,
14694,
8407,
21325,
29036,
-10733,
11094,
-4024,
-22573,
-17174,
25763,
26020,
-3922,
13498,
-25024,
4568,
20366,
18557,
-31267,
7226,
17905,
11131,
-32695,
437,
-5526,
-7530,
-24081,
-7404,
-17349,
3392,
30084,
-10449,
-19294,
505,
-18314,
8793,
-15403,
-28355,
-31935,
3505,
-28838,
31127,
7622,
1926,
-23783,
4978,
19474,
10309,
-635,
-29379,
-6618,
-8916,
24802,
-9383,
23012,
-28595,
-28577,
-28456,
108,
-23014,
-4563,
-888,
-31871,
-14642,
26579,
-11159,
5423,
2739,
-26502,
5380,
19038,
-1312,
24872,
864,
-16520,
4272,
17629,
9453,
26995,
-6779,
5307,
-18999,
5062,
-31708,
-14320,
21124,
-12496,
31521,
19455,
-5777,
1263,
-6078,
23160,
-13620,
20898,
-5184,
1958,
30647,
4349,
-31130,
-5377,
19053,
17962,
-168,
4277,
4397,
11406,
-3196,
-216,
21579,
23611,
-19654,
-472,
14613,
-29958,
-11991,
32550,
-22233,
144,
-7115,
7695,
-14410,
15947,
16800,
29113,
31020,
-4533,
8147,
23074,
25233,
21887,
-8526,
28281,
6841,
23418,
4046,
31341,
16121,
29072,
12346,
-19097,
-24154,
-1522,
23456,
3420,
-4620,
-23557,
-28247,
-1285,
13079,
-3637,
30763,
19134,
-15915,
-17380,
8157,
6699,
30692,
-14610,
14813,
25069,
2494,
7338,
-31185,
2758,
-9364,
-18431,
-8502,
-18404,
4901,
-618,
-4416,
-31278,
-18428,
-8058,
23583,
28076,
22260,
-27289,
15410,
-10237,
1377,
-22460,
-28033,
-30139,
-7029,
-25492,
-7652,
1337,
22174,
26507,
20739,
-20115,
14752,
-8777,
9516,
-17746,
-16087,
-26336,
20463,
4321,
-1232,
-16363,
1162,
-17992,
29195,
-20332,
26358,
4241,
7118,
-29896,
15272,
18313,
-21685,
28343,
29319,
16250,
26577,
-26579,
24418,
2422,
-319,
-7209,
31316,
-5497,
5398,
31443,
-31280,
31124,
399,
-15039,
25518,
13129,
27337,
21778,
24753,
12388,
-21032,
29155,
-15778,
-11835,
-16689,
-17468,
30107,
7675,
16828,
29282,
24150,
-21881,
-20469,
27817,
-22008,
19338,
20455,
20266,
12796,
18397,
-30679,
17173,
-18821,
30166,
19975,
28444,
6986,
13107,
28420,
-1722,
-11557,
-30505,
1068,
24455,
-15368,
15797,
27807,
31160,
24895,
15132,
20291,
2182,
-10234,
17191,
31656,
23141,
10769,
-11662,
-25824,
-3518,
32110,
29369,
19207,
4422,
-21678,
5011,
13162,
26185,
20760,
3721,
-5799,
7261,
31373,
16372,
16178,
-28447,
5638,
-29667,
9989,
-368,
-10737,
-24299,
-13622,
-12027,
10281,
-11414,
18358,
-17421,
32734,
1118,
-26648,
10063,
32255,
-25348,
31752,
-14046,
22221,
24835,
-25272,
13576,
-32047,
-831,
-5933,
13431,
9899,
-26306,
20881,
-12175,
-22879,
-849,
30813,
-14776,
3631,
18368,
-29516,
29858,
-3560,
-32521,
-28906,
-15836,
-10663,
-3459,
-1510,
14668,
-21191,
-8501,
25716,
-3427,
4980,
-20865,
16592,
-18688,
20948,
-10530,
-26836,
25118,
31296,
-3761,
-12415,
-15718,
-14418,
30432,
7468,
10285,
-8830,
-13739,
23852,
6872,
21956,
29476,
27396,
26357,
-7183,
14126,
-30737,
-5520,
27207,
3337,
-15285,
10456,
-26699,
24689,
4144,
2746,
-22540,
-30855,
-24011,
19377,
24421,
10008,
12109,
23020,
11751,
4425,
9346,
12000,
6212,
-9283,
-25265,
-30472,
11967,
16672,
3692,
-29602,
-18487,
-21567,
-12424,
28232,
-30019,
-19193,
-29365,
-7925,
-31238,
-32115,
10211,
-10259,
-28262,
26541,
7716,
-13299,
22055,
4073,
-32,
-15505,
10013,
-25171,
13647,
7611,
-26335,
11542,
-18180,
-24173,
22337,
-3539,
-5733,
31801,
8588,
10967,
-9006,
-29843,
-23805,
4020,
9764,
23029,
-17931,
-20184,
-19147,
22858,
10595,
-20724,
-29991,
30615,
-28810,
-12916,
-6366,
20365,
-22121,
15639,
4370,
-1505,
-23798,
10714,
15189,
26723,
-23092,
7308,
-4539,
551,
15404,
26591,
14779,
14009,
-27853,
9468,
-19032,
12968,
-26737,
-11085,
10500,
-14150,
-23326,
5951,
8593,
23862,
2265,
3195,
-12679,
-28056,
-4128,
1086,
-8207,
-25354,
-4617,
10253,
22081,
29873,
-8492,
11028,
14917,
-12503,
-7349,
-9976,
-9318,
18087,
23884,
25183,
-12922,
12743,
14352,
-15788,
2963,
17763,
-12287,
-27432,
27425,
5444,
-13104,
13796,
15078,
26042,
21842,
-2902,
14464,
2484,
-23768,
4774,
4194,
-10191,
-27531,
-23751,
-14590,
-5075,
14176,
10426,
23713,
17194,
-6559,
-32569,
-995,
32414,
24148,
22745,
5065,
31644,
9370,
-32274,
-4492,
-1250,
-18774,
-31680,
3447,
15580,
-1216,
-1988,
17592,
-429,
-16309,
8453,
-4263,
27051,
10442,
23050,
-28084,
-7085,
2229,
-3488,
15515,
9379,
-7224,
29659,
16214,
143,
27007,
-32466,
-22883,
-16691,
968,
-8532,
-14956,
-24699,
-31749,
29849,
16571,
-4084,
-11209,
28868,
8437,
-2944,
13277,
18949,
18226,
26691,
-10949,
16268,
14566,
-30003,
14807,
9813,
15981,
7057,
-12920,
5718,
-3938,
26925,
24996,
22138,
29385,
3782,
25000,
-17227,
-3781,
-3975,
5521,
24102,
-22335,
11020,
28870,
-5803,
28117,
27789,
32679,
-26718,
18524,
27824,
-23464,
11697,
25631,
-30228,
32196,
19674,
2024,
-14744,
-3979,
8934,
24524,
22374,
8739,
-28865,
-3901,
10409,
-8570,
27144,
-4796,
5762,
3783,
-31012,
20686,
-32246,
-29097,
9609,
-13969,
10057,
28797,
4422,
10418,
19145,
10655,
-1176,
7556,
14311,
-13684,
12427,
31666,
25464,
-24424,
-25641,
-32209,
27071,
-11558,
15543,
10352,
22062,
11294,
7791,
27136,
-16581,
7069,
28957,
-20289,
-15507,
-4747,
-24506,
24593,
-8158,
20213,
-6467,
-22675,
-32140,
-27598,
-1709,
-25377,
15261,
8246,
26940,
-3621,
-16370,
14371,
-12566,
-13975,
-14410,
-31532,
14514,
-26542,
2690,
-21459,
-14449,
-4686,
-28133,
18386,
27272,
10092,
-29851,
10620,
-13527,
-22402,
26120,
20579,
-21039,
12493,
17140,
-29209,
32541,
25192,
-4761,
2755,
19721,
29138,
10859,
5832,
30787,
-14865,
29467,
11257,
-13574,
30372,
-4922,
28915,
-25927,
2599,
-4968,
-31579,
21391,
11873,
-26098,
-4194,
-1740,
30077,
24516,
-4338,
-26989,
-18995,
4942,
-21526,
-2754,
343,
-1324,
-22437,
-21468,
-31603,
14800,
25900,
-17485,
30387,
-9066,
23823,
-276,
20384,
11116,
-31634,
-7224,
5757,
-24765,
-24412,
15791,
-21568,
-28584,
-19027,
-3386,
6577,
28380,
5344,
15533,
-90,
26709,
-31465,
21286,
23600,
1901,
-283,
-6535,
-16650,
26245,
-30663,
-32536,
-4263,
-14009,
-3395,
5381,
-24734,
30402,
17063,
14716,
15136,
-29432,
-5051,
27374,
-27611,
19649,
19419,
-22932,
26686,
395,
32331,
-10754,
94,
-8501,
5365,
-29228,
25777,
24039,
12672,
-13036,
-8051,
-10432,
12136,
-11911,
-27922,
-18309,
27494,
8454,
8489,
-8436,
-11803,
-20817,
-25790,
-11135,
-21031,
16273,
18941,
18121,
-10324,
-1883,
26812,
15862,
2664,
2711,
16764,
-22476,
20692,
4015,
-30656,
-1958,
13182,
6023,
-24674,
-16603,
7101,
-19628,
-15845,
23742,
-16812,
-14005,
-3013,
22245,
9501,
-15298,
6514,
9163,
22230,
-14174,
-8399,
13063,
-14133,
-9696,
2616,
-21750,
20289,
7087,
-9023,
-23939,
2214,
-30230,
-27572,
2356,
-15785,
29020,
23444,
16668,
19143,
5657,
26401,
6206,
6630,
-1550,
6591,
-21078,
2327,
-6376,
24650,
-11620,
7683,
-7078,
25597,
20417,
-10811,
-8042,
-5709,
-17719,
-30345,
-19731,
3172,
6016,
-15335,
22978,
1529,
-7128,
4036,
15744,
6460,
1119,
1129,
-5578,
-25011,
32194,
27414,
-8214,
27528,
17742,
-30019,
-29672,
30433,
-17762,
20776,
1952,
-2610,
8235,
-1911,
-8766,
-17585,
1581,
9678,
14308,
-31145,
-18686,
-16720,
-7945,
-17669,
31088,
17769,
-21412,
23695,
13408,
-25095,
-27800,
-2691,
-7094,
-31048,
-14216,
-27643,
-9975,
5485,
19390,
14848,
-20697,
-32195,
-3188,
3950,
-30163,
-32606,
13677,
4847,
-23762,
-24143,
-12007,
4576,
-13969,
-15491,
-8843,
5298,
-24018,
27699,
1306,
21382,
15351,
747,
3164,
81,
29120,
-20181,
4072,
22060,
-30397,
-11540,
14180,
-18148,
17624,
-10952,
-21593,
-21646,
-29751,
-25618,
-21030,
2492,
10623,
5682,
24117,
-21635,
-14724,
-2824,
32728,
-26052,
-988,
1328,
14693,
-30498,
29315,
-17681,
29406,
8857,
-12993,
-24581,
-20475,
23055,
-25550,
17953,
7876,
28780,
8920,
-10068,
-16787,
-32055,
32736,
-2079,
-12188,
-20900,
-23127,
14936,
-9919,
17514,
25466,
-9856,
400,
24927,
-2085,
-25702,
3510,
14624,
-12670,
7835,
23399,
-27852,
-26720,
6167,
7907,
-23150,
-6150,
13467,
3783,
30963,
-446,
-32214,
27173,
7156,
-13500,
-18687,
13008,
13998,
-23468,
-6965,
7810,
12933,
-17633,
27010,
-29146,
-23911,
4441,
-15433,
-14927,
1955,
-2843,
26236,
5931,
-15196,
-372,
-3191,
16653,
29848,
-14959,
-8861,
173,
-4134,
27102,
28089,
30959,
-11884,
-23405,
1646,
-12343,
-1617,
-13271,
-5444,
-15200,
12160,
6840,
-4509,
30575,
17458,
-2005,
25205,
29989,
21736,
-22304,
19143,
-19903,
9681,
17444,
-25967,
-29548,
-11777,
-24109,
-21201,
11150,
-11720,
-14168,
-26621,
14812,
19521,
-189,
-31863,
10853,
-7441,
10047,
-5175,
19291,
-4075,
-11635,
-17804,
25507,
-9926,
-27753,
-23391,
-28145,
21081,
30197,
-9647,
29978,
26068,
14503,
24993,
29752,
-27757,
-21901,
11028,
4981,
2816,
-20425,
-23234,
-28400,
-814,
-26110,
9443,
-8046,
-26171,
2378,
16855,
10528,
-11530,
5306,
30214,
20770,
19649,
-13610,
21266,
13861,
4242,
-26758,
24550,
19499,
-31879,
-20317,
-18959,
-16213,
-5822,
-2022,
8334,
4553,
17376,
-7541,
-24429,
14362,
28536,
-352,
21182,
-9868,
-27393,
-25073,
24118,
-13114,
31630,
-11564,
23173,
29828,
30725,
-13053,
15215,
-3848,
29757,
-13450,
-17516,
27175,
12919,
-27588,
20975,
-31494,
19914,
-21453,
16383,
-8272,
8790,
-27783,
-29686,
-19563,
20691,
23085,
-12665,
-4916,
-29960,
-9162,
3162,
26734,
32255,
3231,
-31590,
25680,
23890,
2084,
5038,
15555,
-15473,
-27286,
-236,
24549,
11169,
-13575,
9526,
26924,
-22519,
19332,
21713,
-19515,
11827,
21789,
25526,
29989,
-3810,
-5152,
11891,
-13536,
23214,
-5427,
-2875,
-29918,
2047,
-6546,
-4578,
27493,
20075,
-15218,
-7182,
-28356,
10977,
14907,
-1367,
2799,
5549,
19502,
-27051,
28670,
-11562,
25531,
8865,
27948,
20622,
23013,
22773,
22696,
13514,
-12604,
20106,
-16679,
-29227,
-25253,
-24024,
13304,
31565,
-12735,
12503,
8443,
10894,
32292,
4580,
14150,
-6148,
19092,
-3839,
31649,
32323,
19373,
-17850,
-21023,
27591,
-12254,
3170,
19330,
11934,
-21933,
-17086,
-22981,
-3539,
10246,
27752,
29277,
-25905,
10837,
-2911,
10069,
-2187,
19081,
9054,
26181,
-21664,
-20161,
22607,
24346,
19530,
-11509,
-29389,
31939,
18663,
-15690,
-25949,
-15384,
-7668,
-15413,
-25751,
1385,
5674,
19855,
13175,
32245,
-24252,
12437,
-30047,
2248,
6876,
19078,
-19688,
5176,
4975,
24113,
-12743,
-7654,
19047,
24478,
-1992,
27689,
-2984,
-17585,
13083,
-12297,
-23079,
25431,
28141,
20084,
-12893,
-3277,
-31574,
7882,
-754,
-18926,
21701,
-26174,
16307,
17965,
23082,
28235,
13521,
-18454,
-25447,
13528,
-26280,
-23916,
29167,
-25695,
-3393,
10000,
-8072,
-6294,
-30336,
16975,
-21237,
7082,
8058,
-3079,
-21730,
30910,
-25784,
767,
-19830,
-3874,
15608,
-8253,
-8319,
27662,
16132,
-20755,
-161,
-2350,
-2866,
26281,
773,
-8722,
-31190,
8640,
21122,
2521,
25332,
3354,
-16765,
-12100,
-32745,
14069,
7358,
-10430,
32638,
-29043,
3876,
-1940,
31311,
16276,
27783,
-5799,
28806,
26590,
-2125,
16929,
-511,
29869,
-24559,
1916,
11390,
18526,
21451,
4797,
31065,
-29996,
4193,
-22932,
-1165,
23834,
21832,
-7314,
-9968,
32085,
8672,
24894,
-12826,
-6716,
-15663,
-19407,
-10253,
10280,
-30005,
-24038,
13027,
20552,
20864,
5359,
2615,
31267,
15086,
2346,
29898,
-1330,
5866,
31995,
-26729,
23855,
17918,
31299,
14848,
-25613,
-25202,
29330,
-8508,
-8787,
-12312,
11278,
-24172,
-27883,
16013,
-8354,
12847,
20560,
25156,
-4885,
11492,
8396,
29641,
-27671,
852,
-4264,
31142,
28548,
13402,
21298,
25168,
-4142,
10379,
-19697,
15927,
-12617,
-12135,
-4574,
17965,
-16806,
21497,
814,
23520,
10054,
-26193,
-19998,
-21386,
10072,
3206,
11848,
17236,
1948,
14626,
2533,
-26534,
-28146,
22408,
-3232,
-6837,
32210,
-26683,
-25577,
32166,
-28964,
-19676,
1550,
10891,
31090,
-197,
-11080,
-15422,
2248,
8054,
-32186,
10875,
-646,
-5827,
1840,
14089,
12035,
25228,
20898,
28391,
26587,
-20537,
-8143,
344,
-10271,
-22751,
2126,
12867,
29013,
4746,
-2691,
-8096,
-16907,
-31692,
-20422,
16005,
21396,
-24010,
-8869,
-16449,
-2504,
-21920,
-463,
18337,
-11617,
10802,
-19510,
-22375,
9022,
-437,
11370,
14871,
22857,
16938,
32098,
-8404,
15339,
-26504,
30690,
-1209,
-5829,
25467,
3484,
24040,
29309,
26801,
-17958,
-27963,
28367,
-5789,
-29191,
-26476,
-31792,
5015,
3875,
-14302,
-2616,
15241,
3240,
13202,
-28689,
20129,
12541,
23662,
-3247,
22498,
-7504,
-1835,
11092,
-7583,
5352,
-15545,
15738,
25241,
11962,
-27379,
-30373,
-17059,
22378,
-7242,
8101,
19557,
15797,
11302,
-15400,
-24097,
-15327,
9906,
9994,
-28382,
-15141,
21423,
-2544,
13540,
22733,
-27206,
12242,
-11406,
-16500,
11707,
20927,
-23105,
-6129,
12157,
-7266,
32605,
2034,
1432,
665,
-22666,
-22483,
26172,
-23296,
24628,
-6394,
-5778,
-2834,
-2750,
6350,
4076,
24813,
-369,
-6791,
-20162,
14359,
8531,
-31447,
-13301,
18551,
-12662,
727,
30324,
-14427,
-4247,
12817,
17001,
-25740,
1290,
12093,
11180,
-20596,
-7749,
31221,
-998,
-21096,
13007,
-28607,
22678,
14132,
-13205,
28953,
4669,
8901,
-13585,
23993,
-20002,
11410,
-15648,
-26113,
-3438,
-26223,
-5772,
-31716,
-12837,
32619,
14947,
-24582,
13913,
-28183,
-13195,
-6733,
-32516,
2115,
7645,
-610,
-18039,
19271,
15291,
1679,
29110,
23757,
-15664,
-29573,
-2246,
14454,
-14692,
15066,
898,
-32761,
-3512,
-7663,
-11133,
-9078,
-22817,
-15002,
-3777,
-16601,
24934,
-24845,
-17277,
-1713,
-11836,
19531,
-29204,
24240,
-8562,
-25770,
-4431,
-26383,
28827,
2742,
-28744,
-20194,
23904,
-26165,
27381,
-31129,
28996,
8260,
-14703,
-20018,
5080,
28453,
6630,
-20577,
-24348,
-29846,
-264,
3267,
24322,
27456,
-27417,
30965,
3895,
8043,
-16638,
16986,
9640,
4640,
13888,
6432,
13450,
29573,
21227,
-29990,
30826,
1440,
31523,
-22188,
-6055,
31762,
14989,
20732,
-29418,
22089,
-29742,
-9166,
-16447,
5428,
-14490,
-13051,
26013,
-17959,
-17068,
20625,
-12514,
-30360,
15001,
1693,
-25884,
30769,
-15336,
19723,
18242,
-22024,
-4621,
-14383,
28740,
26775,
-511,
-31466,
15364,
5978,
26100,
-22219,
-2534,
17301,
1314,
-28482,
-23427,
-17136,
25000,
20807,
-11323,
-3085,
-9167,
32067,
-25128,
-20334,
-19045,
6163,
24048,
463,
20106,
-13396,
20278,
9193,
-269,
14769,
31820,
7608,
-23750,
9789,
31436,
7803,
-20718,
31348,
-14385,
27587,
21172,
-7538,
8439,
-12650,
-873,
-21312,
32625,
-57,
-23207,
-1558,
23297,
27189,
19476,
-6458,
-27327,
-30444,
18402,
12077,
-1692,
-16855,
-1333,
-454,
-28344,
-25181,
-13651,
8388,
-503,
-24021,
16143,
-11190,
-26200,
-23186,
-31688,
-21353,
-3116,
-274,
-32164,
32243,
-9150,
-23996,
7687,
14802,
-18,
26171,
-17718,
29241,
-12253,
88,
9205,
3476,
14111,
4189,
-4819,
10140,
9200,
31681,
19090,
-17751,
14928,
-30638,
3628,
-18019,
28930,
-17807,
-5429,
-29577,
-11275,
-3658,
23486,
-6052,
-19908,
11794,
-13452,
-18661,
29933,
-30393,
9448,
24325,
8598,
-25721,
20162,
29506,
-29927,
-3551,
22707,
17812,
-2888,
24206,
-2918,
28309,
15893,
4808,
31066,
-14636,
31613,
-8807,
-14605,
23601,
14334,
31338,
22900,
29349,
9022,
20935,
16366,
-28655,
9592,
30083,
-3777,
-19128,
-4230,
-20032,
-5421,
31547,
-12234,
-13224,
-28676,
-20374,
-7644,
-27903,
-27889,
-19102,
-29927,
-545,
13813,
8782,
-1079,
20244,
-5291,
13671,
25798,
23801,
-31232,
970,
-13397,
-27652,
-28857,
-23203,
1315,
-31619,
1974,
-13581,
9106,
25677,
-24865,
-8315,
-26594,
19829,
-32667,
-28979,
-19332,
11244,
-1170,
3856,
20498,
62,
18997,
7189,
-32259,
-27020,
-9936,
-30584,
-24648,
-18761,
-7408,
18767,
10256,
-782,
6725,
-2454,
-24434,
-16242,
30691,
-20853,
7797,
-24544,
15282,
21254,
-12446,
-4931,
-21557,
-12170,
13786,
18761,
1530,
14406,
5551,
24387,
27213,
5544,
-5461,
32655,
18926,
17320,
19143,
19856,
1033,
2957,
-28507,
-11726,
7338,
-11408,
4803,
-23479,
9420,
-12291,
-22846,
10170,
-4829,
-14040,
21860,
30459,
-25520,
3412,
-17532,
-3375,
-10615,
29254,
-22537,
-4598,
-26337,
12565,
28685,
5448,
-13495,
-21364,
20065,
-4032,
-8944,
-2252,
15356,
9249,
-2411,
17086,
-25458,
6930,
16226,
-3159,
-15356,
7237,
-14600,
18634,
-28001,
-19176,
28857,
1040,
-26844,
4940,
-2275,
-5341,
9502,
6324,
19109,
-32279,
-3242,
2237,
-21353,
25780,
-377,
27460,
29238,
-3654,
-11341,
4531,
25370,
-1808,
6345,
21801,
-15234,
17790,
-11962,
14788,
11009,
17597,
-1365,
2628,
-31356,
951,
-31899,
13033,
-96,
-27939,
-20163,
19847,
14238,
-32100,
30158,
7093,
27682,
-25502,
15290,
9247,
-28508,
14958,
-13337,
17875,
-11885,
-6056,
4168,
-20355,
11615,
-1306,
-26583,
22365,
1732,
7159,
-22339,
-30884,
-25675,
-6147,
-4106,
26552,
-23954,
-32356,
-6523,
29505,
-1619,
25482,
-26356,
21717,
-26915,
27168,
21507,
-17866,
3053,
-1451,
-1417,
-11699,
31442,
19928,
5937,
1472,
-28159,
3862,
4989,
3453,
-24865,
1737,
-6192,
-18305,
7659,
29565,
-23818,
-31178,
21789,
-13757,
-26832,
-19928,
14766,
8279,
17298,
-5811,
1874,
27378,
32031,
-355,
-10176,
4131,
25994,
24820,
-26100,
8333,
23940,
7154,
-22261,
1154,
6902,
-3843,
9685,
-29054,
-10659,
14228,
10483,
-25338,
-547,
-13965,
-29449,
-32700,
-9580,
-6990,
-3608,
16527,
-20828,
25202,
-30344,
21534,
7422,
31539,
12764,
2400,
4275,
9558,
5582,
11317,
-4398,
-30789,
-217,
-22361,
16714,
-13349,
-26433,
-9985,
6751,
3271,
1952,
9866,
-30004,
9573,
-29220,
18737,
4951,
7463,
-1402,
31918,
3803,
15132,
2440,
25767,
-15035,
20551,
26762,
17511,
7964,
-6455,
9763,
22044,
-20896,
28903,
6097,
-24231,
29185,
-31514,
-32374,
24476,
-19011,
-32447,
15904,
-10073,
7990,
9879,
22879,
30861,
-28187,
12439,
6244,
-16304,
-25931,
6337,
7166,
-759,
-1286,
-26046,
-6773,
-25694,
-4584,
15278,
12017,
10020,
32152,
-22714,
-23807,
-19309,
-20772,
-19763,
3419,
-8887,
32227,
15274,
8354,
4618,
27048,
-17901,
401,
2588,
10659,
-11335,
-30721,
-12635,
24758,
-13157,
-17633,
6023,
-7001,
26612,
30786,
-28134,
-27394,
-2462,
-19283,
-18991,
-17001,
-1906,
-2727,
12294,
21206,
24978,
6798,
-21520,
-25783,
-29573,
-31921,
27134,
-20701,
-8981,
-30996,
-3860,
4175,
1262,
-348,
8465,
-22952,
-18783,
-31656,
-11204,
-6161,
30617,
-3860,
-24433,
-4733,
16732,
-8038,
-13440,
7391,
-17490,
-9555,
-4962,
15120,
-20437,
3739,
-5006,
30580,
-13497,
25481,
29231,
-19633,
30696,
21636,
8494,
-17821,
32425,
14471,
-8944,
-28282,
-22808,
-27834,
30811,
-1643,
23301,
29691,
12980,
-17903,
3867,
29047,
-11040,
-8540,
721,
20589,
5048,
-4234,
-8327,
22405,
11231,
13163,
-28805,
11376,
-6005,
-446,
-28834,
-10665,
-1840,
8244,
13570,
-13978,
26401,
-25598,
25936,
18991,
22947,
4717,
418,
-9447,
-22494,
29524,
5463,
17284,
916,
-25567,
27897,
24668,
-9218,
22222,
-31242,
-22049,
15203,
-27454,
-14316,
-11520,
-14853,
-4512,
-28718,
9958,
23866,
15626,
-6337,
-11632,
4231,
31395,
-27451,
19576,
-2949,
-28278,
-21371,
13676,
-8505,
4676,
-16774,
-12743,
-21292,
29174,
-22784,
-14174,
-26191,
-20999,
2661,
-30468,
-14260,
-17157,
14511,
3631,
-11045,
-14710,
29946,
-6858,
-22602,
15241,
-12709,
-17015,
16111,
-16333,
13045,
-5797,
-27075,
-3981,
4430,
-16224,
19708,
-9931,
13689,
-24302,
28036,
2472,
8169,
27727,
19449,
11339,
27788,
-3505,
-1247,
7215,
-25289,
19174,
-12436,
18004,
18627,
-10422,
-32391,
-13635,
29332,
20369,
-32604,
22512,
5061,
-17452,
-32167,
28160,
-22194,
10777,
-1559,
24158,
13280,
19285,
12858,
17942,
-456,
-5872,
-12110,
6066,
8820,
26453,
-26737,
-21818,
-21672,
-22500,
-20782,
-20521,
-25992,
-30734,
-23859,
-27003,
-3284,
19671,
-18770,
-14348,
-3936,
-12774,
8337,
-2349,
-14581,
16350,
-6690,
-30142,
-9287,
12709,
13697,
-1796,
7402,
-25336,
3560,
-7882,
566,
-11419,
17448,
-5832,
26922,
-13890,
9004,
27027,
-250,
32275,
-17707,
29547,
28732,
-8002,
-29849,
-22990,
25223,
26684,
-22264,
-21995,
-21272,
-21351,
31715,
-21143,
29350,
15236,
3783,
3351,
18683,
-20595,
4374,
-31850,
-24676,
-27393,
24885,
-18716,
21832,
-19765,
-29977,
797,
-32092,
28428,
25988,
-16611,
-19323,
-28635,
31130,
9642,
-30680,
-22492,
-16030,
10031,
25934,
14049,
21332,
-29381,
-31027,
-19435,
-9830,
12675,
14981,
24166,
-24982,
-18325,
-25580,
-11748,
28240,
-17438,
-25428,
-26597,
12568,
52,
18341,
-23801,
-23572,
32122,
-16712,
-31059,
-17588,
-3918,
25504,
-9196,
-24664,
-27921,
20718,
28821,
-21721,
26652,
-5802,
21637,
-27618,
-29107,
25428,
9781,
17317,
7593,
-4069,
-11093,
-32284,
376,
-12809,
30513,
-28843,
16177,
-17023,
-27561,
-19323,
23945,
-19777,
-30284,
28604,
-32276,
-3104,
26539,
7821,
8045,
19252,
20134,
28390,
13902,
-16741,
-31230,
-1584,
6605,
-25927,
28553,
24016,
21502,
-30206,
-12925,
-7350,
4931,
26247,
27764,
6178,
22866,
13632,
21628,
-21125,
-16012,
-27410,
3930,
-27268,
13130,
-6950,
28858,
-10892,
4430,
-27528,
-19718,
-32225,
16421,
11543,
-9941,
17085,
17659,
16826,
-24630,
13508,
27469,
-6429,
-15821,
21419,
8127,
-31206,
-26209,
-13623,
-21088,
-13736,
18897,
19970,
-2984,
-6418,
-5586,
2136,
-20314,
1910,
2067,
-4105,
-28746,
-18149,
-22794,
12261,
3967,
470,
5872,
26579,
3028,
-18200,
-1886,
12557,
494,
-10363,
24291,
-8783,
5097,
-8314,
-26462,
-27980,
27095,
31097,
10374,
-22050,
25972,
28928,
11908,
-2260,
-25604,
18591,
-26190,
23349,
12042,
-4361,
5760,
-23829,
15397,
23332,
-12731,
-18585,
-22392,
18039,
25528,
22410,
22459,
24261,
-4802,
-23085,
-29833,
-15312,
-22978,
-23047,
5968,
8665,
18683,
26865,
11589,
6943,
22112,
-13933,
-18265,
32589,
-12984,
6544,
13627,
-9126,
-3930,
6501,
21360,
12737,
9491,
31360,
-15270,
-26028,
18741,
1319,
13969,
27465,
7056,
-28736,
28759,
27938,
6697,
1845,
-31662,
-31135,
23391,
-31522,
-29195,
27323,
-26646,
20519,
24918,
-14630,
-7062,
-4746,
-17994,
-27323,
-12114,
24664,
-12461,
10903,
-26229,
-17320,
23434,
12527,
-23061,
-6275,
5026,
13469,
-25435,
14042,
21749,
-30808,
-14055,
-9203,
-2105,
-1480,
12451,
-27191,
4712,
-31117,
-12313,
-30471,
205,
-31159,
18302,
534,
20519,
12742,
18778,
30777,
26630,
-16064,
21176,
6717,
-8839,
-29086,
-20252,
4697,
-6843,
-1142,
-14848,
13689,
-18880,
9905,
7574,
-10668,
11271,
1956,
22062,
-12010,
6805,
3500,
-20132,
-29549,
6656,
-19962,
11095,
14128,
30880,
14299,
-15724,
-10860,
18927,
-15370,
29443,
-8961,
-17656,
-1997,
-22356,
-31717,
32252,
14661,
4344,
26773,
2509,
9221,
29130,
-12005,
13753,
21433,
-30666,
22388,
21688,
2455,
19264,
1258,
-16014,
106,
-21338,
12765,
-31033,
-20559,
25215,
-27978,
-26179,
-28691,
-18824,
4401,
12049,
23556,
17945,
-5547,
-2756,
16318,
25736,
12934,
-18137,
-3130,
-12900,
-10050,
6227,
-6601,
-23186,
7368,
-926,
17016,
-16029,
-6374,
27269,
22668,
28334,
-19323,
-12109,
17898,
21149,
17691,
-23929,
22691,
-4741,
19933,
-29138,
-9327,
12908,
-13395,
-21990,
18885,
23802,
-1334,
-15467,
779,
-8100,
11591,
-11723,
-2202,
-29079,
3092,
29207,
24007,
1073,
-1738,
-19884,
-25175,
1303,
-5174,
31000,
28615,
31011,
-6431,
11809,
-1665,
-25530,
22345,
1097,
6621,
21487,
-21016,
32477,
-19076,
5403,
-16898,
-413,
30079,
28530,
19333,
23354,
-3806,
-2852,
-29439,
2888,
-31608,
-27416,
3487,
21643,
14929,
20096,
-16430,
-20359,
-16385,
-22204,
24899,
-3002,
27415,
19824,
-12456,
-27913,
-11906,
-73,
18703,
29850,
-12715,
13293,
15495,
1983,
3327,
10606,
-19824,
-16407,
-15682,
19584,
13914,
-10128,
29208,
-25342,
21511,
-5734,
-10374,
-14239,
-23950,
27245,
3856,
20311,
-22855,
8428,
7470,
-11086,
3052,
17018,
2144,
-16180,
29377,
22590,
24685,
-6061,
-3167,
-24155,
12184,
29887,
-9689,
-6097,
-2419,
-27064,
22983,
-29438,
-9957,
20368,
8757,
-1426,
21946,
30605,
-16982,
-24513,
-7851,
29689,
18833,
-15759,
20129,
30490,
5162,
-10445,
2910,
19464,
4293,
-7288,
-21395,
-10255,
5819,
-22952,
20133,
-8251,
-6958,
15867,
-18230,
18147,
606,
16430,
-23375,
-21524,
-31270,
-21097,
-13646,
20986,
8472,
-11511,
8612,
2250,
-19235,
22104,
-20702,
10445,
5559,
1285,
-5417,
23548,
22523,
-27674,
30935,
792,
-27018,
-19285,
6719,
-305,
3598,
14991,
22736,
-2068,
24448,
-4205,
17653,
26784,
20291,
-28366,
675,
24344,
29703,
8927,
8747,
-9217,
-16528,
-32081,
-32740,
-6876,
-20051,
18405,
-10141,
-10972,
27092,
26867,
-1687,
-22596,
19578,
-30157,
-17759,
-14851,
-26615,
-28878,
-26721,
-11404,
-3532,
19076,
-9096,
-20396,
-32221,
-30261,
10616,
-15722,
11070,
-27956,
27566,
19236,
28094,
-22429,
23696,
16484,
6914,
-24121,
24460,
-2069,
18382,
15943,
6605,
19313,
24300,
17355,
-10110,
-28745,
14027,
-10827,
24379,
9882,
-3520,
1710,
-11639,
-5005,
-11879,
5232,
-8789,
3848,
-19186,
-25040,
-15542,
-12340,
-22970,
25940,
25100,
27264,
-22439,
-23844,
-11500,
5306,
23119,
22941,
7501,
7467,
19723,
3569,
-8807,
-32761,
6187,
-22656,
9812,
-7078,
670,
15823,
-19878,
-9046,
-25260,
31664,
30570,
-29110,
13594,
-7096,
28072,
-1370,
12505,
20680,
28119,
13909,
-5784,
15106,
-21893,
26610,
-31412,
-29634,
22943,
-2278,
286,
-6714,
-4924,
-15515,
7797,
-12065,
-13910,
-31799,
15171,
-2866,
-28442,
-29750,
-18296,
-7571,
986,
-28222,
-8026,
9041,
-30505,
-11141,
6197,
-24519,
7348,
1186,
28670,
1478,
-2095,
-22807,
-26512,
25729,
26732,
15260,
-17668,
-20518,
-21896,
3723,
24299,
26637,
11392,
32025,
-2605,
108,
21971,
21178,
14730,
-841,
18774,
32156,
-17424,
-9379,
-3459,
12823,
14033,
11676,
6097,
-14818,
31598,
22461,
6723,
8684,
-29579,
11842,
29569,
-9452,
-21923,
32143,
-5926,
-29684,
-25458,
-4647,
21374,
-30196,
-390,
7436,
18095,
8202,
-3044,
-25766,
11584,
29461,
12243,
-7383,
14069,
2337,
13887,
-25829,
-14260,
10234,
-8641,
32305,
-23999,
-6667,
-10752,
4778,
-6548,
-18874,
-5863,
17429,
8610,
-2513,
29829,
-2899,
-1911,
-11445,
-1808,
19079,
-19943,
-2580,
15452,
-440,
10432,
-15753,
-6439,
14833,
3542,
-31388,
26029,
-8760,
-11887,
12420,
27563,
23292,
3456,
6470,
-20684,
9046,
-10486,
-2300,
-5716,
-28900,
15651,
-20299,
29240,
-2543,
7200,
25603,
21080,
-7080,
2270,
31529,
-23525,
-11830,
-20968,
6789,
-24271,
-2871,
-7760,
24079,
7897,
-877,
16504,
29715,
22340,
19645,
-20869,
10169,
-3021,
13863,
-335,
2512,
-5030,
-19752,
-11466,
9499,
-12050,
-27675,
23790,
-8596,
-9918,
5793,
-5527,
-15585,
7305,
-15368,
15640,
-20386,
-2265,
-1223,
-22290,
12938,
15555,
-26152,
-11013,
-7615,
2571,
631,
31594,
-10480,
-1507,
-15786,
-4750,
-28541,
-13690,
-6136,
-28128,
18649,
-16582,
22594,
8934,
-30897,
-9663,
9802,
30249,
11920,
4573,
16397,
-14464,
-19852,
6417,
1317,
-3183,
7143,
24236,
3188,
-19189,
-2634,
-20314,
-9925,
-29399,
-12977,
-25908,
-1799,
7496,
-32631,
-8583,
-11852,
4575,
-20219,
-26297,
13917,
1738,
31888,
862,
10662,
-32230,
-16888,
12007,
7075,
-12958,
18241,
19972,
-9089,
1516,
-29419,
24743,
-8335,
5592,
6841,
-19591,
30869,
-22722,
-19958,
-17504,
-12055,
2122,
-1924,
-31872,
-13189,
-16120,
-23450,
22940,
16053,
-875,
32205,
-10364,
13540,
-8667,
28142,
7460,
18304,
3712,
19358,
25411,
-4347,
22200,
18924,
12631,
2692,
-13436,
24461,
-13737,
-18819,
13076,
-23656,
22269,
-5084,
17751,
7492,
12862,
19023,
-25939,
-4398,
-22521,
30049,
-12559,
7048,
24325,
22765,
24239,
25138,
-4751,
20162,
-6442,
-17385,
-12376,
-18807,
16205,
-7327,
-5666,
6650,
740,
17656,
25047,
29817,
11904,
-11008,
-6570,
21577,
-17155,
-23228,
-2196,
16158,
8516,
-15739,
-31422,
4837,
-4212,
6418,
21574,
-17084,
-4122,
-7401,
9098,
-10982,
-12114,
30493,
-25848,
-19721,
1602,
29289,
-26595,
-14259,
17487,
-32691,
30689,
11813,
-19349,
-19857,
-23717,
9082,
4043,
215,
30276,
11744,
31818,
-9387,
-22136,
-26681,
1913,
28076,
11203,
-12789,
-15421,
-21577,
13442,
-26859,
26608,
24058,
28817,
-30986,
16147,
-10628,
-23409,
-15206,
-17157,
8646,
9671,
-6592,
-6509,
4807,
-8021,
21494,
-5759,
-23090,
23105,
8728,
23938,
-25178,
-25126,
11577,
28484,
20407,
-25795,
-27840,
-25474,
-15689,
23371,
-31203,
2865,
15256,
6793,
-12782,
-9932,
-9561,
19079,
-2824,
-25603,
4386,
-25132,
7120,
-17092,
-23727,
-25157,
-7237,
-20125,
29369,
11188,
21060,
31349,
24374,
-19121,
23234,
26178,
14801,
16230,
-5858,
-2938,
25603,
-2901,
17619,
-1883,
-27069,
-2789,
3445,
1600,
-21408,
24662,
-6360,
16792,
-25087,
17831,
18215,
-9785,
-24915,
-18628,
-2468,
30285,
-72,
-20919,
-17132,
-2919,
-32250,
28947,
-24070,
-27051,
475,
12727,
-30465,
-31633,
-5085,
-7355,
-23423,
-22321,
-7276,
20749,
6753,
12031,
-17964,
25783,
11747,
-6640,
11612,
22687,
13994,
-12319,
-17784,
-15653,
8692,
-4290,
29329,
-22902,
-28382,
29346,
-28511,
23992,
2988,
10225,
16939,
-10365,
22079,
12945,
-30662,
-17517,
10679,
-21205,
-20389,
8882,
20132,
31466,
21605,
27255,
-28691,
24615,
-11172,
-2622,
-19497,
-7255,
29229,
-29310,
26945,
23592,
9185,
24896,
30972,
17360,
13633,
13278,
9905,
31591,
-1386,
-20580,
-8906,
6276,
-5634,
6166,
10904,
25731,
12929,
-12913,
26928,
-197,
5723,
7071,
25054,
28339,
-23051,
-24250,
-5760,
27444,
32739,
28387,
1998,
14947,
-30029,
-22710,
7847,
25004,
12410,
-30912,
13323,
6909,
-24306,
2063,
18007,
27662,
5795,
-5542,
-28009,
24945,
8934,
19170,
-30809,
21521,
12424,
21980,
20907,
11589,
10105,
-14009,
-21962,
-26883,
10321,
-3875,
-26408,
22112,
-6160,
-28430,
20598,
-5305,
13055,
16800,
-28907,
-3812,
28667,
13273,
7339,
24556,
19563,
-25367,
6428,
24903,
12018,
-12696,
15075,
8836,
13843,
-31964,
-11683,
-2204,
21735,
-28382,
11777,
-1070,
18550,
-7991,
-9102,
27450,
32389,
7035,
12148,
6853,
30963,
30142,
-22840,
-25070,
7974,
13343,
17352,
-32130,
28750,
4656,
16844,
5824,
-15077,
-24996,
11501,
-3548,
30580,
13324,
-8655,
-20034,
3420,
-38,
-30594,
-27731,
-20352,
23713,
19930,
-22462,
22448,
27869,
6205,
-18436,
12582,
-29973,
30907,
-25807,
-22572,
8731,
-30672,
8211,
9918,
-17151,
-633,
-1876,
-20198,
-28048,
18342,
3225,
18600,
25078,
-6915,
26072,
-12711,
3735,
-29333,
-26002,
-7215,
-14329,
12192,
-8259,
516,
-21495,
93,
-13304,
32383,
-2560,
-15936,
29743,
-15189,
27814,
27653,
-24877,
13144,
-3841,
-26660,
20456,
-23435,
26130,
17103,
24491,
21705,
25133,
-10457,
-6199,
24022,
-31820,
-14967,
-11017,
20295,
9665,
774,
-28049,
8420,
32313,
-27936,
18262,
14033,
-21613,
22156,
-11010,
-5219,
11450,
-28996,
22490,
10217,
-30480,
1734,
12532,
14011,
23679,
-24276,
-16150,
29449,
22551,
26745,
18685,
5086,
10011,
-19019,
-15673,
-4032,
-3412,
29009,
-9667,
5794,
-16655,
-2440,
-15615,
-5843,
-11057,
12977,
23106,
-25379,
16359,
28895,
-14845,
-16596,
-29975,
21882,
881,
5439,
-5319,
10476,
18537,
-19515,
-7557,
-29934,
-6332,
8237,
-18152,
6399,
11070,
-1655,
13962,
-20637,
-20074,
18928,
-23234,
25825,
28021,
21536,
5704,
-20623,
-4527,
11905,
-24371,
-6275,
29591,
-24435,
11093,
5639,
19700,
-10849,
7,
-10437,
-27750,
-11233,
11824,
-3523,
-7857,
-16663,
2161,
-30809,
1055,
-27940,
31859,
29390,
-11686,
20411,
-1082,
23270,
31726,
-16084,
25147,
16977,
-12280,
-6293,
-32255,
7409,
-9287,
7480,
-23649,
-27513,
-17264,
-21940,
27845,
-1643,
11484,
-3187,
-565,
16322,
9620,
19481,
-13964,
-19881,
-14008,
20807,
15372,
18930,
21044,
-28812,
1583,
-8956,
604,
-426,
22651,
6609,
-1791,
-13954,
12057,
21935,
-12976,
-6981,
-32392,
-1432,
30531,
13117,
-9953,
31453,
4326,
-12124,
12384,
-19797,
-17321,
13448,
9531,
-3880,
7560,
3727,
2870,
-13859,
32033,
-20457,
-12417,
-16604,
-29597,
-31562,
16771,
30923,
10557,
26839,
-10981,
3042,
21897,
17124,
-14070,
20917,
-1323,
32614,
-21012,
-20194,
1356,
15184,
31626,
-30098,
-28867,
760,
13770,
25051,
24236,
-708,
20193,
8857,
-9919,
28564,
5837,
21128,
-15510,
-28275,
-23111,
28725,
27735,
-10756,
3551,
12133,
-31203,
-18073,
-19834,
30666,
14602,
19607,
472,
-4636,
-16344,
10680,
16753,
-5968,
-4451,
9570,
25866,
6970,
18324,
4738,
14087,
-228,
22706,
-10866,
-7882,
16401,
21075,
28700,
24201,
-30895,
-14373,
-10759,
-22895,
18281,
-17826,
-18477,
14274,
-11292,
12880,
-17263,
-19877,
31480,
5215,
17997,
26275,
12923,
19920,
11061,
-892,
-10042,
-5869,
-3803,
-10476,
-32694,
-20928,
18147,
-26375,
17219,
22624,
-21551,
-3599,
-18254,
-18172,
32132,
-21261,
-2296,
-27885,
-15668,
21228,
-29967,
-3616,
-13956,
23671,
16616,
-8132,
17842,
25816,
-5397,
-9663,
-2619,
11742,
11123,
-29973,
-3438,
-1672,
-18204,
-5913,
-8564,
-30330,
-28221,
17057,
13481,
21504,
31407,
5748,
7948,
-24949,
1274,
18634,
25879,
20015,
-27543,
-12413,
24404,
3776,
-24619,
-15557,
136,
30030,
29993,
30719,
25282,
9882,
-17705,
22427,
-1831,
29741,
-19393,
-30781,
20680,
2449,
16698,
-10300,
-1533,
5518,
-7879,
20404,
-30791,
21791,
-4538,
-10760,
-28475,
22668,
27433,
-32609,
-31667,
-24209,
-13867,
-18132,
-8385,
-17286,
18917,
7406,
13676,
4453,
-27839,
-12690,
5178,
-8047,
-5455,
28094,
-25356,
-12147,
17407,
-13749,
-21776,
19605,
-31591,
-997,
24308,
23352,
-10254,
-13610,
1559,
15680,
18404,
-26834,
27184,
17258,
22703,
14467,
22698,
18792,
-3218,
24127,
-14664,
-22313,
18050,
-7814,
-25003,
5123,
11442,
-868,
-18673,
-22185,
-6683,
16121,
955,
14127,
-14317,
-21925,
-14677,
-24935,
17063,
-30393,
29823,
-18577,
-21084,
11842,
-14385,
9080,
-30225,
-2414,
-30106,
-26983,
26880,
16019,
-19974,
-16363,
6987,
-27557,
-27561,
-9230,
10516,
-12532,
4845,
27841,
-15985,
-22287,
17723,
18902,
-18163,
12491,
-15092,
25227,
-15146,
11802,
22253,
19416,
-14699,
1033,
-22920,
30709,
-6918,
5240,
-8354,
18180,
-18703,
7527,
23450,
-14593,
-13250,
-24851,
30147,
26162,
7064,
-19303,
-1254,
1627,
-5145,
22497,
21300,
31998,
-19517,
30971,
11861,
-1316,
-2399,
14091,
-6608,
12048,
-31822,
-7072,
-16788,
7824,
-9994,
7693,
-3365,
30389,
9950,
5204,
17218,
-20541,
24329,
-7289,
-26306,
12924,
595,
13303,
16303,
4098,
8616,
-17209,
6901,
17827,
-17895,
-14730,
6179,
32128,
14858,
-12481,
-9203,
-13894,
-27053,
29081,
-21030,
-30243,
27290,
9241,
1228,
-28599,
-8197,
-24180,
-19856,
4069,
-31752,
-20146,
6682,
-13857,
28017,
7928,
-5252,
-26214,
10120,
23894,
28397,
11537,
7275,
7997,
-23697,
32765,
29282,
15904,
19671,
28559,
22117,
2641,
15459,
-30428,
2501,
23535,
1768,
24103,
-2113,
-19218,
9842,
16845,
-18394,
20917,
-19109,
5186,
30673,
-26676,
16158,
5793,
-32005,
-17596,
5970,
-19268,
5265,
23810,
20128,
17082,
27645,
-22504,
3276,
7241,
4843,
23389,
32383,
-27745,
12994,
1655,
742,
-18767,
22633,
12194,
-16258,
19654,
13609,
-7242,
13428,
-12340,
-23608,
32217,
17073,
-2065,
-9130,
-4162,
-22011,
5326,
-32479,
14407,
17769,
-23046,
-3192,
17555,
-8302,
22714,
20898,
4439,
-4425,
21729,
27322,
-20265,
20628,
-2636,
29731,
23683,
-12910,
30881,
10841,
24016,
-3712,
16741,
-12884,
6000,
12532,
25922,
8963,
9637,
23299,
-4651,
-17077,
-3140,
15,
11985,
-4019,
-13324,
-16817,
6910,
26014,
16080,
-25016,
31402,
20135,
-10378,
-23890,
-6404,
-18430,
-17324,
7129,
23043,
15964,
-24500,
-30493,
22484,
-3959,
10681,
-27835,
4575,
25790,
1750,
-24007,
-11719,
30467,
5269,
29012,
19249,
-7796,
-18431,
-25719,
-5984,
27293,
21865,
-10634,
-201,
25160,
-20512,
-18506,
10522,
-14730,
708,
-28357,
-3286,
-5144,
-22452,
-9938,
-12584,
3980,
6357,
10967,
5246,
-7648,
-30914,
-1381,
4496,
10375,
-15444,
1151,
-7250,
-25817,
19276,
7725,
-4916,
4574,
22547,
32675,
-14182,
-26749,
-17117,
8516,
-8004,
18153,
-31154,
-19418,
-24339,
29637,
-16474,
-20683,
-7594,
-11767,
5925,
-16976,
17213,
-5946,
-6760,
12033,
31142,
-3349,
-18299,
-2194,
-28177,
-3236,
18668,
-7064,
-25829,
5483,
-10849,
-25471,
7173,
2550,
25251,
1119,
7797,
5563,
7852,
-21602,
32696,
4393,
-6872,
-10366,
9494,
-24076,
24799,
7585,
-2245,
-18128,
-17629,
-10670,
-10851,
11466,
-20004,
-7893,
24345,
14646,
23444,
9109,
-10651,
-18850,
11804,
1533,
23193,
-31892,
13959,
-24850,
-28549,
-7798,
-23158,
4526,
856,
-2842,
-14021,
-14022,
37,
28212,
25313,
-31218,
21582,
-3474,
21506,
-2158,
18178,
-23795,
4301,
1129,
25485,
-11623,
532,
20326,
-27346,
-3713,
9226,
5659,
8569,
19163,
-26447,
-951,
15845,
-28304,
2307,
19913,
1983,
7949,
-14724,
4570,
19167,
15315,
27287,
15193,
-22952,
-8750,
-4105,
-5556,
-3056,
15388,
31010,
-14435,
19813,
-3424,
-13720,
-13530,
2977,
-9142,
30097,
-28506,
13953,
-5884,
-3516,
19845,
-31910,
396,
-2791,
-4374,
-7626,
-8592,
4890,
-12048,
27243,
-6885,
-17624,
-30375,
10608,
8401,
1248,
-18449,
-25332,
32714,
25477,
18818,
-21789,
31083,
-31097,
2533,
10607,
24410,
18603,
4979,
19457,
2962,
-15703,
12565,
-4532,
-20233,
-13058,
18552,
11203,
-12754,
20198,
24741,
744,
-7716,
21836,
-7640,
12066,
6192,
711,
-15446,
-16114,
-22514,
-18024,
-9029,
-2741,
2710,
-13995,
18933,
23866,
20685,
-28760,
1799,
13099,
27100,
29569,
470,
32487,
21495,
18060,
-8496,
2801,
-20115,
-5405,
-13643,
-2656,
29575,
8948,
27188,
7365,
-1754,
-22550,
18484,
30511,
11307,
19527,
-17295,
19486,
11477,
-18553,
16475,
-31030,
4298,
-19873,
17883,
10638,
-32349,
-28929,
20905,
-25853,
-27719,
3933,
-3215,
12091,
29763,
-16359,
28090,
22509,
-19693,
18773,
-15912,
-964,
-11540,
-30321,
-32601,
-28470,
-20184,
-19184,
5507,
-8129,
-25367,
-16441,
-14959,
4204,
-17616,
-18086,
29320,
-28400,
-23237,
28445,
3846,
-10319,
-30088,
-6913,
21641,
18998,
28760,
2196,
21481,
23331,
-26705,
-26147,
-25997,
-20228,
-6031,
-21113,
31161,
18353,
-12138,
20741,
-25140,
24206,
16913,
-23026,
24888,
15264,
-14325,
31076,
29984,
26695,
22551,
12488,
16771,
1281,
-889,
-7908,
-12985,
-15857,
23449,
-14427,
3033,
-17895,
6112,
17459,
-20928,
32606,
-32384,
10869,
-23995,
7427,
-16578,
-9759,
-6076,
-26370,
23914,
-27613,
-22466,
16521,
7283,
3992,
8341,
-23411,
-27055,
-31012,
-7029,
-1801,
5497,
7335,
-4153,
3408,
17594,
27898,
23763,
-22212,
31514,
6408,
-9873,
-14968,
-4989,
-25862,
28142,
-15525,
-11306,
-17289,
-11103,
-28126,
-183,
26288,
-8627,
-10386,
28799,
-26787,
-9998,
8166,
8558,
-30188,
-12361,
10452,
-18076,
-3851,
1449,
7292,
12813,
-18256,
-3267,
-5567,
10533,
603,
-26803,
-13196,
-5010,
11953,
20934,
10971,
15871,
-31614,
-498,
32268,
-1130,
-28536,
-24447,
17565,
-15299,
-17128,
-11533,
3785,
-13437,
-22888,
-21953,
5713,
16103,
19198,
-6061,
-26314,
-32457,
32295,
7038,
-11148,
-9134,
-14377,
1196,
25841,
8197,
12893,
-22777,
28426,
-142,
201,
-16226,
-4730,
-25849,
-10030,
-27560,
-26571,
-4756,
-1712,
-17454,
26556,
15414,
-26838,
-22406,
-2406,
-29893,
81,
18742,
-1600,
-5994,
12662,
21642,
32624,
19131,
10536,
-29267,
-9758,
-7410,
-22864,
24725,
31329,
-2957,
-2434,
12360,
9233,
12928,
24870,
-21350,
-14376,
22810,
-19231,
-17861,
4253,
-19432,
28085,
-15990,
-16776,
-26592,
-22631,
1768,
-30809,
29631,
-15815,
-2862,
-3729,
-10891,
-14754,
10901,
-17182,
26511,
-1310,
1735,
25727,
-8608,
-7110,
750,
540,
-31609,
24032,
-23744,
-2747,
-10408,
7797,
10221,
-15042,
19272,
-5895,
-23137,
20795,
-27199,
-18288,
25397,
16442,
17326,
-15995,
29134,
3232,
-22213,
5401,
5845,
-11469,
-8018,
-18347,
18251,
17283,
18864,
-12091,
-27400,
11871,
-25177,
7518,
-29469,
-10187,
-17789,
-29776,
22962,
8444,
-25253,
16829,
5136,
8361,
-29424,
-1574,
-25087,
-22220,
28796,
-9745,
-10028,
30810,
13603,
23908,
-1993,
-31458,
3288,
15102,
-5782,
25410,
-26124,
12554,
5959,
476,
-8531,
-2107,
-13835,
-16848,
-28402,
10560,
-729,
-7137,
-30818,
25213,
-19880,
-1966,
28943,
11167,
29234,
32560,
-6145,
-28864,
-14586,
-30208,
-30756,
5798,
27177,
28659,
9648,
-3455,
23553,
-520,
29523,
15883,
-25430,
17698,
32392,
-2489,
-27251,
3551,
-20620,
-29053,
-12551,
29928,
-24695,
-19364,
-16568,
20657,
-19124,
11107,
23037,
-5800,
-2391,
-32756,
-26795,
21563,
-27724,
-7846,
29990,
-13319,
-27763,
-17438,
-17337,
-23215,
-3482,
-13900,
17528,
-21781,
15110,
20301,
19879,
10751,
-10588,
11369,
-13490,
30565,
3961,
-19762,
-22604,
24809,
13593,
-10964,
293,
-29467,
5157,
20582,
-9407,
1874,
-17119,
11785,
2003,
-22579,
7319,
-8918,
-30571,
6485,
16402,
-18300,
17639,
-11202,
25587,
26870,
1607,
-14348,
-14553,
31613,
14453,
24804,
-25131,
-16047,
-29312,
8304,
27617,
-25269,
5776,
5944,
32397,
-23690,
29253,
31346,
-3791,
-19410,
12218,
-20311,
20474,
28912,
25776,
134,
-25220,
15487,
30867,
28650,
28020,
31349,
30373,
25913,
-30860,
30502,
11354,
12822,
-10247,
-11132,
819,
-3638,
31535,
-24730,
-25638,
-26004,
-24335,
6688,
-4354,
-13446,
-19061,
-19620,
20516,
17692,
1101,
30252,
25496,
13587,
4910,
-11986,
10006,
15788,
-27819,
19186,
-16256,
23267,
8548,
18015,
-4678,
-9063,
1961,
12533,
27588,
-25638,
-1647,
-30641,
1199,
22508,
2049,
20987,
-26237,
2120,
-5940,
-3255,
-6227,
13793,
14592,
-29583,
13357,
-14460,
-3228,
13344,
19832,
32756,
-6025,
-24921,
-28572,
-30740,
-1205,
-23290,
23850,
-31269,
-30935,
-14164,
14840,
-22599,
-16121,
-3560,
17389,
26834,
7322,
17471,
2389,
-4533,
-15064,
-23804,
25621,
21429,
23256,
-26212,
-30236,
6055,
-27233,
-12087,
27457,
-199,
27995,
-719,
19121,
-22286,
22235,
-17033,
-24903,
-12956,
-4671,
23606,
10922,
-17676,
20053,
49,
-26923,
27682,
22871,
22205,
-30673,
24045,
-13478,
24124,
-13614,
-22539,
13602,
-8232,
-25881,
8430,
-16050,
11073,
-10137,
-18037,
5974,
13803,
25615,
-17897,
-26529,
854,
-5145,
25766,
2764,
-5902,
-20222,
-18278,
15803,
4789,
-25696,
232,
-16402,
-24577,
-20679,
27325,
5859,
-7718,
19670,
20442,
8899,
29536,
-15886,
-17666,
12040,
25271,
-16754,
-11909,
17884,
-3273,
1768,
25999,
-1358,
9219,
30739,
-24756,
29185,
-26426,
15844,
-21722,
-30214,
-7798,
-28314,
-5632,
5235,
-11420,
-23791,
-26446,
19586,
24830,
13806,
-4119,
17459,
7778,
19410,
11227,
2594,
-9368,
-10861,
9196,
-3373,
-31912,
-17595,
-14521,
-19731,
-22279,
-11570,
-26341,
5612,
10212,
-11647,
21439,
-11827,
879,
-17826,
5491,
-17506,
-11462,
31873,
20546,
-5067,
19339,
-4909,
28021,
5016,
32566,
18897,
-6428,
-21486,
18952,
-29252,
2319,
-10054,
-14899,
26831,
-28598,
3382,
29322,
-11160,
17643,
-20427,
29403,
31919,
-19918,
-711,
-27885,
-28897,
-23205,
-30340,
11629,
4389,
-9466,
-15582,
-23981,
17534,
-2366,
-23509,
14682,
14656,
3266,
22561,
-27982,
4216,
30472,
-12545,
-181,
-7284,
-17940,
13538,
32662,
-15958,
19571,
-8994,
1372,
-3419,
-25811,
19108,
-20879,
-10053,
-9472,
10827,
11683,
-833,
24628,
12377,
-17038,
15260,
-23118,
-27550,
-26757,
-3488,
25978,
21389,
19118,
897,
-27472,
2473,
23255,
20606,
-19528,
-23683,
-4081,
-21194,
-25672,
4680,
-19507,
-28327,
-28596,
-4847,
25313,
-14765,
-25,
-19667,
-26536,
-13605,
-24721,
8005,
13318,
-8792,
-26880,
-27551,
-18561,
19192,
-10594,
-18004,
29396,
2455,
-30972,
-2349,
32402,
8990,
32545,
-233,
11230,
-29185,
-23090,
-17593,
-12158,
21803,
-11541,
-14491,
17869,
10039,
-1908,
-11503,
20279,
-32169,
8269,
-6548,
20011,
-32550,
-17550,
25393,
-12336,
-1660,
5878,
23920,
13927,
-28974,
-20347,
6396,
1497,
18818,
-20168,
2975,
32095,
-30672,
-15073,
-19287,
-11092,
-19170,
30992,
29389,
-27423,
-29876,
-9931,
4508,
-32666,
18739,
-5897,
-6916,
-8473,
13849,
6731,
6467,
-29375,
2347,
25551,
-19193,
-31337,
2760,
-19160,
-16994,
26512,
-29095,
17911,
4495,
-32024,
-5737,
10954,
6408,
-3654,
-3604,
-31171,
29130,
16275,
-4175,
-14199,
15723,
-18988,
17830,
-14471,
10795,
-13066,
-14059,
-10385,
-24305,
21130,
744,
18798,
4675,
22939,
8115,
-23313,
-8883,
6321,
-10075,
-26419,
2665,
26528,
-15306,
-6248,
-22003,
14964,
26267,
-2425,
-4476,
5186,
30430,
-15103,
9134,
-28753,
-32528,
18087,
17941,
27130,
-20517,
5028,
23743,
1297,
28709,
28799,
-23181,
25173,
-7192,
-27611,
3076,
-27554,
-16820,
25681,
21348,
21713,
10521,
-7306,
20600,
-31731,
-14875,
794,
24858,
30039,
24056,
-9071,
22417,
-29186,
-4248,
-24922,
-14508,
365,
17227,
-20683,
13201,
3307,
-25883,
19477,
-20789,
-5209,
32127,
-11185,
-28789,
-16537,
14658,
8762,
30172,
6475,
223,
10681,
-31555,
-5850,
32557,
-19000,
1866,
18187,
-5302,
-21533,
26991,
14307,
-22523,
2177,
-6970,
2119,
-9509,
25813,
32072,
13655,
-24082,
-29814,
16706,
-18876,
-8061,
-15751,
-9178,
-22344,
-16345,
29073,
32407,
-20470,
30113,
31359,
14015,
-14453,
14044,
-13498,
-1822,
-30513,
2647,
11372,
30393,
10575,
-13885,
22597,
-14713,
-974,
-18805,
11394,
8506,
23773,
8695,
25936,
17675,
-5094,
-22587,
25322,
-30526,
-6420,
-6051,
-20507,
29618,
22815,
-7783,
31153,
29528,
2402,
28267,
4937,
-16807,
106,
-22721,
23336,
-1772,
18918,
1056,
4121,
10624,
30388,
1817,
-3701,
-6517,
-31574,
22692,
7476,
18041,
-24887,
24760,
-15423,
-19132,
4206,
-13999,
12475,
-7161,
-25907,
14803,
14908,
4966,
8825,
-27200,
-704,
-6542,
-3279,
7611,
-4340,
-29238,
20067,
1315,
-31297,
-17307,
-6350,
26625,
15943,
8380,
-13209,
-27741,
-20495,
20530,
543,
-1573,
-28584,
-29931,
24183,
-17143,
-16015,
6964,
9821,
-31476,
-10145,
-15360,
-12013,
13499,
-16000,
28247,